4096 2048 12288
6 4097 4099 4107 4352 4353 4360
6 4096 4098 4099 4101 4106 4107
9 4097 4099 4101 4102 4112 4113 4114 4852 4855
6 4096 4097 4098 4360 4362 4852
8 4101 4102 4103 4106 4108 4109 4110 4111
5 4097 4098 4100 4102 4106
5 4098 4100 4101 4103 4114
7 4100 4102 4108 4109 4110 4114 4120
10 4105 4106 4108 4109 4111 4125 4144 4145 4148 4149
6 4104 4106 4107 4144 4145 4354
8 4097 4100 4101 4104 4105 4107 4111 4145
9 4096 4097 4105 4106 4144 4145 4352 4354 4403
10 4100 4103 4104 4109 4111 4114 4115 4120 4121 4125
12 4100 4103 4104 4108 4110 4111 4120 4124 4125 4148 4152 4153
9 4100 4103 4109 4111 4120 4124 4148 4150 4153
9 4100 4104 4106 4108 4109 4110 4145 4148 4150
5 4098 4113 4116 4117 4855
6 4098 4112 4114 4115 4117 4118
7 4098 4102 4103 4108 4113 4115 4120
8 4108 4113 4114 4118 4120 4121 4122 4123
6 4112 4117 4276 4772 4854 4855
7 4112 4113 4116 4118 4119 4276 4279
9 4113 4115 4117 4119 4122 4123 4168 4169 4171
7 4117 4118 4168 4169 4256 4278 4279
11 4103 4108 4109 4110 4114 4115 4121 4122 4124 4125 4126
8 4108 4115 4120 4122 4123 4124 4125 4126
11 4115 4118 4120 4121 4123 4125 4126 4127 4169 4170 4171
8 4115 4118 4121 4122 4125 4127 4169 4170
8 4109 4110 4120 4121 4125 4126 4152 4153
16 4104 4108 4109 4120 4121 4122 4123 4124 4126 4127 4148 4149 4152 4157 4159 4162
10 4120 4121 4122 4124 4125 4127 4152 4156 4157 4162
10 4122 4123 4125 4126 4156 4159 4162 4163 4170 4171
12 4129 4131 4133 4134 4137 4140 4141 4142 4147 4409 4412 4414
11 4128 4130 4131 4142 4147 4400 4404 4406 4407 4409 4414
7 4129 4131 4144 4147 4149 4404 4406
9 4128 4129 4130 4132 4133 4134 4147 4149 4158
11 4131 4133 4134 4135 4149 4158 4159 4167 4202 4206 4207
13 4128 4131 4132 4134 4135 4136 4137 4138 4140 4141 4142 4192 4206
14 4128 4131 4132 4133 4135 4137 4138 4147 4149 4151 4155 4157 4158 4159
17 4132 4133 4134 4136 4138 4139 4151 4154 4155 4157 4159 4167 4201 4202 4203 4206 4207
9 4133 4135 4137 4138 4140 4142 4143 4192 4206
10 4128 4133 4134 4136 4138 4142 4143 4146 4147 4151
10 4133 4134 4135 4136 4137 4139 4151 4154 4201 4206
8 4135 4138 4154 4155 4201 4202 4203 4206
13 4128 4133 4136 4141 4142 4143 4192 4194 4195 4408 4409 4411 4412
8 4128 4133 4140 4192 4194 4195 4412 4414
12 4128 4129 4133 4136 4137 4140 4143 4146 4147 4400 4408 4409
6 4136 4137 4140 4142 4408 4411
11 4104 4105 4107 4130 4145 4147 4148 4149 4354 4403 4404
13 4104 4105 4106 4107 4111 4144 4146 4147 4148 4150 4352 4354 4403
8 4137 4142 4145 4147 4150 4151 4400 4403
17 4128 4129 4130 4131 4134 4137 4142 4144 4145 4146 4148 4149 4150 4151 4400 4403 4404
15 4104 4109 4110 4111 4125 4144 4145 4147 4149 4150 4151 4152 4153 4157 4159
15 4104 4125 4130 4131 4132 4134 4144 4147 4148 4151 4152 4155 4157 4158 4159
9 4110 4111 4145 4146 4147 4148 4151 4153 4154
13 4134 4135 4137 4138 4146 4147 4148 4149 4150 4152 4153 4154 4155
13 4109 4124 4125 4126 4148 4149 4151 4153 4154 4155 4156 4157 4159
8 4109 4110 4124 4148 4150 4151 4152 4154
8 4135 4138 4139 4150 4151 4152 4153 4155
10 4134 4135 4139 4149 4151 4152 4154 4156 4157 4203
11 4126 4127 4152 4155 4157 4160 4161 4162 4163 4202 4203
15 4125 4126 4134 4135 4148 4149 4152 4155 4156 4159 4161 4162 4167 4202 4203
7 4131 4132 4134 4149 4159 4165 4167
13 4125 4127 4132 4134 4135 4148 4149 4152 4157 4158 4162 4165 4167
9 4156 4161 4163 4181 4182 4183 4200 4202 4203
14 4156 4157 4160 4162 4163 4164 4166 4167 4181 4200 4202 4207 4216 4217
16 4125 4126 4127 4156 4157 4159 4161 4163 4164 4165 4166 4167 4170 4171 4172 4174
12 4127 4156 4160 4161 4162 4164 4171 4172 4173 4176 4181 4182
15 4161 4162 4163 4165 4166 4172 4173 4174 4175 4176 4181 4188 4189 4190 4191
10 4158 4159 4162 4164 4166 4167 4170 4174 4189 4190
9 4161 4162 4164 4165 4167 4181 4189 4207 4216
11 4132 4135 4157 4158 4159 4161 4162 4165 4166 4202 4207
10 4118 4119 4169 4170 4171 4172 4174 4256 4259 4261
11 4118 4119 4122 4123 4168 4170 4171 4174 4256 4260 4261
9 4122 4123 4127 4162 4165 4168 4169 4171 4174
10 4118 4122 4127 4162 4163 4168 4169 4170 4172 4174
10 4162 4163 4164 4168 4171 4173 4174 4175 4259 4269
9 4163 4164 4172 4174 4175 4176 4179 4182 4269
15 4162 4164 4165 4168 4169 4170 4171 4172 4173 4175 4190 4256 4259 4261 4266
14 4164 4172 4173 4174 4176 4179 4188 4190 4191 4259 4261 4266 4267 4269
14 4163 4164 4173 4175 4177 4178 4179 4180 4181 4182 4186 4187 4188 4189
9 4176 4178 4179 4180 4182 4184 4187 4210 4218
12 4176 4177 4179 4184 4185 4186 4187 4188 4191 4233 4270 4271
11 4173 4175 4176 4177 4178 4188 4191 4266 4269 4270 4271
10 4176 4177 4181 4182 4183 4187 4200 4216 4217 4218
13 4160 4161 4163 4164 4166 4176 4180 4182 4183 4187 4189 4200 4216
8 4160 4163 4173 4176 4177 4180 4181 4183
8 4160 4180 4181 4182 4200 4201 4203 4217
11 4177 4178 4185 4186 4187 4209 4210 4231 4233 4234 4235
7 4178 4184 4186 4232 4233 4234 4271
11 4176 4178 4184 4185 4187 4188 4209 4231 4233 4235 4241
14 4176 4177 4178 4180 4181 4184 4186 4188 4189 4209 4210 4216 4218 4241
12 4164 4175 4176 4178 4179 4186 4187 4189 4191 4228 4231 4233
10 4164 4165 4166 4176 4181 4187 4188 4190 4191 4216
9 4164 4165 4174 4175 4189 4191 4228 4261 4267
12 4164 4175 4178 4179 4188 4189 4190 4228 4233 4266 4267 4270
8 4133 4136 4140 4141 4193 4195 4205 4206
7 4192 4195 4197 4198 4204 4205 4206
6 4140 4141 4195 4198 4412 4416
6 4140 4141 4192 4193 4194 4198
6 4197 4198 4199 4223 4870 4871
8 4193 4196 4198 4204 4205 4220 4221 4223
8 4193 4194 4195 4196 4197 4199 4416 4418
6 4196 4198 4418 4419 4871 4917
13 4160 4161 4180 4181 4183 4201 4202 4203 4204 4205 4207 4216 4217
10 4135 4138 4139 4183 4200 4202 4203 4204 4205 4206
14 4132 4135 4139 4156 4157 4160 4161 4167 4200 4201 4203 4205 4206 4207
10 4135 4139 4155 4156 4157 4160 4183 4200 4201 4202
9 4193 4197 4200 4201 4205 4206 4217 4220 4221
11 4192 4193 4197 4200 4201 4202 4204 4206 4207 4217 4221
13 4132 4133 4135 4136 4138 4139 4192 4193 4201 4202 4204 4205 4207
11 4132 4135 4161 4166 4167 4200 4202 4205 4206 4216 4217
5 4209 4210 4211 4215 4243
9 4184 4186 4187 4208 4210 4234 4235 4241 4243
9 4177 4184 4187 4208 4209 4211 4216 4218 4219
6 4208 4210 4212 4215 4219 4222
5 4211 4213 4214 4215 4222
6 4212 4214 4222 4875 4936 4937
6 4212 4213 4215 4247 4249 4937
7 4208 4211 4212 4214 4243 4246 4247
12 4161 4166 4180 4181 4187 4189 4200 4207 4210 4217 4218 4219
12 4161 4180 4183 4200 4204 4205 4207 4216 4218 4219 4220 4221
9 4177 4180 4187 4210 4216 4217 4219 4220 4221
8 4210 4211 4216 4217 4218 4220 4221 4222
7 4197 4204 4217 4218 4219 4221 4222
9 4197 4204 4205 4217 4218 4219 4220 4222 4223
9 4211 4212 4213 4219 4220 4221 4223 4875 4876
6 4196 4197 4221 4222 4870 4876
15 4225 4226 4227 4228 4229 4232 4233 4263 4264 4265 4267 4280 4281 4282 4283
12 4224 4226 4227 4228 4229 4230 4280 4281 4282 4332 4333 4334
11 4224 4225 4227 4232 4239 4264 4265 4281 4317 4333 4334
15 4224 4225 4226 4228 4229 4230 4231 4232 4233 4235 4238 4239 4309 4317 4333
10 4188 4190 4191 4224 4225 4227 4229 4231 4233 4267
8 4224 4225 4227 4228 4230 4231 4304 4333
12 4225 4227 4229 4231 4238 4240 4241 4304 4305 4308 4309 4333
12 4184 4186 4188 4227 4228 4229 4230 4233 4235 4238 4240 4241
12 4185 4224 4226 4227 4233 4234 4235 4236 4239 4265 4270 4271
17 4178 4184 4185 4186 4188 4191 4224 4227 4228 4231 4232 4234 4235 4265 4267 4270 4271
9 4184 4185 4209 4232 4233 4235 4236 4243 4271
15 4184 4186 4209 4227 4231 4232 4233 4234 4236 4237 4238 4239 4241 4242 4243
8 4232 4234 4235 4237 4238 4239 4242 4243
7 4235 4236 4238 4239 4242 4243 4314
13 4227 4230 4231 4235 4236 4237 4239 4240 4241 4242 4309 4314 4317
9 4226 4227 4232 4235 4236 4237 4238 4317 4333
10 4230 4231 4238 4241 4242 4243 4244 4246 4308 4309
10 4186 4187 4209 4230 4231 4235 4238 4240 4242 4243
13 4235 4236 4237 4238 4240 4241 4243 4244 4245 4246 4309 4314 4315
11 4208 4209 4215 4234 4235 4236 4237 4240 4241 4242 4246
11 4240 4242 4245 4246 4247 4252 4253 4308 4309 4310 4315
9 4242 4244 4246 4247 4252 4253 4310 4312 4315
8 4215 4240 4242 4243 4244 4245 4247 4252
7 4214 4215 4244 4245 4246 4249 4252
6 4249 4250 4251 4252 4255 4942
6 4214 4247 4248 4252 4937 4942
6 4248 4251 4581 4941 4942 4989
7 4248 4250 4254 4255 4581 4582 4583
8 4244 4245 4246 4247 4248 4249 4253 4255
9 4244 4245 4252 4254 4255 4300 4301 4310 4313
7 4251 4253 4255 4301 4582 4586 4587
7 4248 4251 4252 4253 4254 4300 4301
9 4119 4168 4169 4174 4257 4259 4260 4261 4278
9 4256 4258 4259 4260 4262 4272 4273 4274 4278
7 4257 4259 4262 4265 4266 4268 4273
13 4168 4172 4174 4175 4256 4257 4258 4260 4261 4262 4266 4268 4269
8 4169 4256 4257 4259 4261 4262 4263 4274
12 4168 4169 4174 4175 4190 4256 4259 4260 4262 4263 4266 4267
14 4257 4258 4259 4260 4261 4263 4264 4265 4266 4273 4274 4280 4283 4286
10 4224 4260 4261 4262 4264 4266 4267 4274 4280 4283
9 4224 4226 4262 4263 4265 4266 4267 4280 4281
11 4224 4226 4232 4233 4258 4262 4264 4266 4267 4268 4270
15 4174 4175 4179 4191 4258 4259 4261 4262 4263 4264 4265 4267 4268 4269 4270
12 4175 4190 4191 4224 4228 4233 4261 4263 4264 4265 4266 4270
7 4258 4259 4265 4266 4269 4270 4271
9 4172 4173 4175 4179 4259 4266 4268 4270 4271
11 4178 4179 4191 4232 4233 4265 4266 4267 4268 4269 4271
9 4178 4179 4185 4232 4233 4234 4268 4269 4270
7 4257 4273 4274 4275 4277 4278 4279
7 4257 4258 4262 4272 4274 4275 4286
11 4257 4260 4262 4263 4272 4273 4275 4278 4283 4284 4286
7 4272 4273 4274 4277 4278 4279 4284
7 4116 4117 4277 4279 4772 4774 4792
7 4272 4275 4276 4279 4284 4792 4793
7 4119 4256 4257 4272 4274 4275 4279
7 4117 4119 4272 4275 4276 4277 4278
10 4224 4225 4262 4263 4264 4281 4282 4283 4286 4287
10 4224 4225 4226 4264 4280 4282 4287 4331 4332 4334
9 4224 4225 4280 4281 4283 4287 4330 4331 4332
8 4224 4262 4263 4274 4280 4282 4286 4287
8 4274 4275 4277 4285 4286 4287 4337 4793
4 4284 4287 4329 4337
7 4262 4273 4274 4280 4283 4284 4287
10 4280 4281 4282 4283 4284 4285 4286 4329 4330 4331
12 4289 4290 4293 4295 4323 4344 4346 4347 4504 4505 4508 4607
14 4288 4290 4291 4293 4295 4297 4298 4302 4303 4505 4595 4596 4606 4607
9 4288 4289 4291 4295 4304 4305 4307 4322 4323
9 4289 4290 4295 4302 4303 4305 4311 4606 4607
8 4293 4294 4295 4306 4319 4324 4325 4346
12 4288 4289 4292 4294 4295 4296 4297 4298 4299 4346 4505 4596
12 4292 4293 4295 4296 4297 4306 4307 4311 4312 4313 4318 4319
16 4288 4289 4290 4291 4292 4293 4294 4297 4303 4305 4306 4307 4311 4323 4324 4346
7 4293 4294 4297 4298 4299 4300 4313
11 4289 4293 4294 4295 4296 4298 4299 4300 4303 4311 4313
14 4289 4293 4296 4297 4299 4300 4301 4302 4303 4586 4593 4594 4595 4596
8 4293 4296 4297 4298 4586 4593 4594 4596
11 4253 4255 4296 4297 4298 4301 4302 4303 4310 4311 4313
9 4253 4254 4255 4298 4300 4302 4586 4587 4595
10 4289 4291 4298 4300 4301 4303 4305 4311 4595 4606
11 4289 4291 4295 4297 4298 4300 4302 4305 4308 4310 4311
9 4229 4230 4290 4305 4306 4307 4322 4332 4333
13 4230 4290 4291 4295 4302 4303 4304 4306 4307 4308 4309 4311 4333
21 4292 4294 4295 4304 4305 4307 4308 4309 4311 4316 4317 4318 4319 4322 4323 4324 4325 4327 4332 4333 4335
11 4290 4294 4295 4304 4305 4306 4308 4311 4318 4322 4323
11 4230 4240 4244 4303 4305 4306 4307 4309 4310 4311 4318
17 4227 4230 4238 4240 4242 4244 4305 4306 4308 4310 4311 4314 4315 4316 4317 4318 4333
11 4244 4245 4253 4300 4303 4308 4309 4311 4312 4313 4315
17 4291 4294 4295 4297 4300 4302 4303 4305 4306 4307 4308 4309 4310 4312 4313 4315 4318
9 4245 4294 4310 4311 4313 4315 4316 4318 4319
8 4253 4294 4296 4297 4300 4310 4311 4312
7 4237 4238 4242 4309 4315 4316 4317
10 4242 4244 4245 4309 4310 4311 4312 4314 4316 4318
8 4306 4309 4312 4314 4315 4317 4318 4335
11 4226 4227 4238 4239 4306 4309 4314 4316 4333 4334 4335
13 4294 4306 4307 4308 4309 4311 4312 4315 4316 4319 4325 4327 4335
6 4292 4294 4306 4312 4318 4325
11 4321 4322 4323 4326 4327 4328 4331 4334 4338 4340 4341
9 4320 4322 4323 4328 4330 4331 4338 4341 4345
13 4290 4304 4306 4307 4320 4321 4323 4327 4330 4331 4332 4334 4335
15 4288 4290 4295 4306 4307 4320 4321 4322 4324 4326 4327 4341 4344 4345 4346
12 4292 4295 4306 4323 4325 4326 4327 4341 4344 4346 4350 4351
7 4292 4306 4318 4319 4324 4326 4327
8 4320 4323 4324 4325 4327 4340 4341 4344
10 4306 4318 4320 4322 4323 4324 4325 4326 4334 4335
8 4320 4321 4329 4330 4331 4338 4339 4340
7 4285 4287 4328 4330 4331 4337 4339
8 4282 4287 4321 4322 4328 4329 4331 4332
11 4281 4282 4287 4320 4321 4322 4328 4329 4330 4332 4334
11 4225 4281 4282 4304 4306 4322 4330 4331 4333 4334 4335
14 4225 4226 4227 4229 4230 4239 4304 4305 4306 4309 4317 4332 4334 4335
11 4225 4226 4281 4317 4320 4322 4327 4331 4332 4333 4335
9 4306 4316 4317 4318 4322 4327 4332 4333 4334
8 4337 4338 4339 4343 4348 4741 4796 4797
7 4284 4285 4329 4336 4339 4793 4797
9 4320 4321 4328 4336 4339 4340 4341 4342 4343
6 4328 4329 4336 4337 4338 4340
7 4320 4326 4328 4338 4339 4341 4342
11 4320 4321 4323 4324 4326 4338 4340 4342 4344 4345 4351
5 4338 4340 4341 4343 4351
6 4336 4338 4342 4348 4349 4351
10 4288 4323 4324 4326 4341 4345 4346 4347 4350 4351
7 4321 4323 4341 4344 4347 4350 4351
11 4288 4292 4293 4295 4323 4324 4344 4347 4350 4504 4505
9 4288 4344 4345 4346 4350 4502 4504 4508 4509
7 4336 4343 4349 4500 4501 4741 4743
6 4343 4348 4350 4351 4501 4502
10 4324 4344 4345 4346 4347 4349 4351 4502 4504 4508
8 4324 4341 4342 4343 4344 4345 4349 4350
10 4096 4107 4145 4353 4354 4355 4357 4402 4403 4404
9 4096 4352 4355 4357 4358 4360 4361 4364 4366
8 4105 4107 4144 4145 4352 4355 4403 4404
8 4352 4353 4354 4357 4358 4359 4402 4404
14 4357 4358 4359 4366 4367 4370 4371 4372 4373 4385 4386 4387 4402 4405
11 4352 4353 4355 4356 4358 4359 4366 4367 4386 4402 4405
10 4353 4355 4356 4357 4359 4364 4366 4370 4371 4376
8 4355 4356 4357 4358 4371 4402 4404 4405
5 4096 4099 4353 4361 4362
6 4353 4360 4362 4363 4364 4365
6 4099 4360 4361 4363 4852 4861
6 4361 4362 4365 4383 4822 4861
6 4353 4358 4361 4365 4366 4376
7 4361 4363 4364 4366 4376 4377 4383
9 4353 4356 4357 4358 4364 4365 4367 4370 4376
9 4356 4357 4366 4370 4372 4373 4376 4385 4386
10 4369 4370 4371 4372 4373 4374 4375 4376 4378 4379
10 4368 4371 4374 4375 4378 4379 4465 4467 4472 4476
11 4356 4358 4366 4367 4368 4371 4372 4373 4375 4376 4378
11 4356 4358 4359 4368 4369 4370 4372 4374 4376 4398 4405
16 4356 4367 4368 4370 4371 4373 4374 4384 4385 4386 4387 4392 4393 4395 4398 4405
10 4356 4367 4368 4370 4372 4374 4375 4384 4385 4392
15 4368 4369 4371 4372 4373 4375 4392 4393 4395 4397 4398 4465 4472 4473 4476
10 4368 4369 4370 4373 4374 4378 4379 4392 4472 4473
10 4358 4364 4365 4366 4367 4368 4370 4371 4377 4378
5 4365 4376 4378 4380 4383
8 4368 4369 4370 4375 4376 4377 4379 4380
10 4368 4369 4375 4378 4380 4381 4464 4465 4467 4472
6 4377 4378 4379 4381 4382 4383
7 4379 4380 4382 4464 4466 4467 4535
7 4380 4381 4383 4535 4542 4820 4822
6 4363 4365 4377 4380 4382 4822
9 4372 4373 4385 4386 4387 4391 4392 4393 4395
8 4356 4367 4372 4373 4384 4386 4387 4391
11 4356 4357 4367 4372 4384 4385 4387 4388 4391 4401 4402
13 4356 4372 4384 4385 4386 4388 4391 4395 4398 4401 4402 4405 4407
13 4386 4387 4389 4390 4391 4394 4395 4399 4401 4407 4409 4410 4415
6 4388 4390 4391 4410 4413 4415
11 4388 4389 4391 4394 4413 4415 4420 4421 4422 4423 4438
11 4384 4385 4386 4387 4388 4389 4390 4393 4394 4395 4438
8 4372 4373 4374 4375 4384 4393 4437 4473
14 4372 4374 4384 4391 4392 4394 4395 4396 4397 4434 4437 4438 4473 4476
13 4388 4390 4391 4393 4395 4396 4399 4415 4421 4432 4433 4434 4438
13 4372 4374 4384 4387 4388 4391 4393 4394 4396 4397 4398 4399 4407
11 4393 4394 4395 4397 4398 4399 4433 4434 4435 4476 4477
8 4374 4393 4395 4396 4398 4434 4476 4477
11 4371 4372 4374 4387 4395 4396 4397 4399 4405 4406 4407
11 4388 4394 4395 4396 4398 4406 4407 4414 4415 4421 4433
11 4129 4142 4146 4147 4401 4402 4403 4404 4407 4408 4409
11 4386 4387 4388 4400 4402 4404 4405 4407 4408 4409 4410
13 4352 4355 4356 4357 4359 4386 4387 4400 4401 4403 4404 4405 4407
10 4107 4144 4145 4146 4147 4352 4354 4400 4402 4404
15 4129 4130 4144 4147 4352 4354 4355 4359 4400 4401 4402 4403 4405 4406 4407
12 4356 4357 4359 4371 4372 4387 4398 4401 4402 4404 4406 4407
8 4129 4130 4398 4399 4404 4405 4407 4414
15 4129 4387 4388 4395 4398 4399 4400 4401 4402 4404 4405 4406 4409 4414 4415
8 4140 4142 4143 4400 4401 4409 4410 4411
14 4128 4129 4140 4142 4388 4400 4401 4407 4408 4410 4411 4412 4414 4415
9 4388 4389 4401 4408 4409 4411 4412 4413 4415
6 4140 4143 4408 4409 4410 4412
12 4128 4140 4141 4194 4409 4410 4411 4413 4414 4415 4416 4417
9 4389 4390 4410 4412 4415 4416 4417 4421 4422
9 4128 4129 4141 4399 4406 4407 4409 4412 4415
12 4388 4389 4390 4394 4399 4407 4409 4410 4412 4413 4414 4421
6 4194 4198 4412 4413 4417 4418
7 4412 4413 4416 4418 4421 4422 4423
7 4198 4199 4416 4417 4419 4422 4428
6 4199 4418 4428 4916 4917 4919
8 4390 4421 4422 4423 4424 4429 4432 4438
12 4390 4394 4399 4413 4415 4417 4420 4422 4423 4432 4433 4438
9 4390 4413 4417 4418 4420 4421 4423 4428 4429
7 4390 4417 4420 4421 4422 4424 4429
9 4420 4423 4425 4426 4429 4432 4442 4443 4444
6 4424 4426 4427 4429 4430 4442
8 4424 4425 4427 4430 4431 4442 4444 4570
6 4425 4426 4431 4444 4570 4571
7 4418 4419 4422 4429 4430 4919 4921
7 4420 4422 4423 4424 4425 4428 4430
6 4425 4426 4428 4429 4431 4921
7 4426 4427 4430 4570 4575 4921 4922
12 4394 4420 4421 4424 4433 4434 4435 4436 4438 4439 4442 4443
10 4394 4396 4399 4421 4432 4434 4435 4442 4446 4478
12 4393 4394 4396 4397 4432 4433 4435 4436 4437 4438 4439 4476
16 4396 4432 4433 4434 4436 4437 4441 4442 4443 4446 4474 4475 4476 4477 4478 4479
10 4432 4434 4435 4437 4439 4440 4441 4443 4474 4475
10 4392 4393 4434 4435 4436 4438 4439 4473 4475 4476
10 4390 4391 4393 4394 4420 4421 4432 4434 4437 4439
6 4432 4434 4436 4437 4438 4443
6 4436 4441 4443 4447 4462 4463
11 4435 4436 4440 4442 4443 4446 4447 4460 4462 4474 4479
11 4424 4425 4426 4432 4433 4435 4441 4443 4444 4446 4447
10 4424 4432 4435 4436 4439 4440 4441 4442 4446 4447
8 4424 4426 4427 4442 4445 4447 4570 4571
9 4444 4447 4459 4463 4560 4568 4569 4570 4571
11 4433 4435 4441 4442 4443 4447 4458 4459 4460 4478 4479
12 4440 4441 4442 4443 4444 4445 4446 4458 4459 4460 4462 4463
12 4449 4450 4451 4456 4457 4468 4469 4520 4524 4530 4531 4556
17 4448 4450 4451 4452 4453 4454 4455 4456 4457 4460 4461 4469 4470 4479 4524 4525 4552
11 4448 4449 4451 4452 4453 4455 4524 4525 4528 4529 4530
11 4448 4449 4450 4453 4468 4469 4470 4471 4528 4530 4534
8 4449 4450 4453 4454 4455 4460 4461 4462
9 4449 4450 4451 4452 4460 4462 4470 4474 4479
10 4449 4452 4455 4461 4524 4525 4552 4553 4555 4563
6 4449 4450 4452 4454 4461 4525
13 4448 4449 4457 4458 4460 4461 4478 4479 4524 4552 4553 4556 4558
10 4448 4449 4456 4458 4469 4477 4478 4479 4556 4557
11 4446 4447 4456 4457 4459 4460 4461 4478 4479 4553 4558
11 4445 4446 4447 4458 4460 4461 4463 4558 4560 4561 4569
13 4441 4446 4447 4449 4452 4453 4456 4458 4459 4461 4462 4463 4479
16 4449 4452 4454 4455 4456 4458 4459 4460 4462 4463 4552 4553 4558 4560 4561 4563
10 4440 4441 4447 4452 4453 4460 4461 4463 4474 4479
9 4440 4445 4447 4459 4460 4461 4462 4560 4563
10 4379 4381 4465 4466 4467 4469 4470 4471 4472 4475
11 4369 4374 4379 4464 4467 4469 4470 4472 4476 4477 4478
7 4381 4464 4467 4468 4471 4534 4535
9 4369 4379 4381 4464 4465 4466 4468 4469 4471
9 4448 4451 4466 4467 4469 4471 4530 4531 4534
14 4448 4449 4451 4457 4464 4465 4467 4468 4470 4471 4476 4477 4478 4479
13 4449 4451 4453 4464 4465 4469 4471 4472 4474 4475 4476 4478 4479
8 4451 4464 4466 4467 4468 4469 4470 4534
10 4369 4374 4375 4379 4464 4465 4470 4473 4475 4476
8 4374 4375 4392 4393 4437 4472 4475 4476
8 4435 4436 4441 4453 4462 4470 4475 4479
10 4435 4436 4437 4464 4470 4472 4473 4474 4476 4479
17 4369 4374 4393 4396 4397 4434 4435 4437 4465 4469 4470 4472 4473 4475 4477 4478 4479
8 4396 4397 4435 4457 4465 4469 4476 4478
12 4433 4435 4446 4456 4457 4458 4465 4469 4470 4476 4477 4479
16 4435 4441 4446 4449 4453 4456 4457 4458 4460 4462 4469 4470 4474 4475 4476 4478
9 4481 4482 4483 4484 4487 4496 4503 4510 4511
11 4480 4482 4483 4484 4485 4490 4492 4494 4495 4510 4511
12 4480 4481 4483 4484 4485 4486 4487 4492 4493 4513 4514 4518
9 4480 4481 4482 4492 4493 4495 4514 4517 4518
11 4480 4481 4482 4485 4487 4490 4496 4497 4503 4510 4511
8 4481 4482 4484 4486 4487 4489 4490 4492
7 4482 4485 4487 4498 4513 4514 4518
8 4480 4482 4484 4485 4486 4496 4497 4498
6 4489 4491 4493 4546 4589 4602
8 4485 4488 4490 4491 4492 4493 4546 4602
11 4481 4484 4485 4489 4491 4492 4494 4506 4510 4598 4602
9 4488 4489 4490 4494 4506 4597 4598 4599 4602
11 4481 4482 4483 4485 4489 4490 4493 4494 4495 4546 4602
10 4482 4483 4488 4489 4492 4495 4516 4518 4546 4550
13 4481 4490 4491 4492 4495 4506 4507 4510 4598 4602 4603 4604 4605
12 4481 4483 4492 4493 4494 4517 4518 4546 4550 4602 4603 4604
8 4480 4484 4487 4497 4498 4499 4500 4503
6 4484 4487 4496 4498 4499 4503
8 4486 4487 4496 4497 4499 4512 4513 4541
6 4496 4497 4498 4500 4541 4751
7 4348 4496 4499 4501 4503 4743 4751
5 4348 4349 4500 4502 4503
8 4347 4349 4350 4501 4503 4508 4509 4511
8 4480 4484 4496 4497 4500 4501 4502 4511
9 4288 4346 4347 4350 4505 4507 4508 4509 4607
10 4288 4289 4293 4346 4504 4506 4507 4596 4598 4607
10 4490 4491 4494 4505 4507 4508 4510 4596 4597 4598
10 4494 4504 4505 4506 4508 4509 4510 4598 4605 4607
10 4288 4347 4350 4502 4504 4506 4507 4509 4510 4511
7 4347 4502 4504 4507 4508 4510 4511
10 4480 4481 4484 4490 4494 4506 4507 4508 4509 4511
8 4480 4481 4484 4502 4503 4508 4509 4510
5 4498 4513 4515 4537 4541
7 4482 4486 4498 4512 4514 4515 4518
9 4482 4483 4486 4513 4515 4517 4518 4519 4521
11 4512 4513 4514 4517 4518 4519 4520 4521 4523 4536 4537
12 4493 4517 4518 4519 4526 4527 4546 4547 4549 4550 4552 4559
13 4483 4495 4514 4515 4516 4518 4519 4520 4521 4523 4526 4550 4557
12 4482 4483 4486 4493 4495 4513 4514 4515 4516 4517 4519 4550
8 4514 4515 4516 4517 4518 4523 4526 4527
10 4448 4515 4517 4521 4522 4523 4524 4526 4530 4531
9 4514 4515 4517 4520 4522 4523 4531 4536 4539
12 4520 4521 4523 4524 4525 4526 4527 4529 4530 4531 4536 4539
9 4515 4517 4519 4520 4521 4522 4526 4527 4536
13 4448 4449 4450 4454 4456 4520 4522 4525 4526 4527 4530 4552 4556
11 4449 4450 4454 4455 4522 4524 4527 4529 4530 4552 4555
13 4516 4517 4519 4520 4522 4523 4524 4527 4550 4552 4556 4557 4559
10 4516 4519 4522 4523 4524 4525 4526 4547 4552 4555
8 4450 4451 4529 4530 4532 4533 4534 4539
6 4450 4522 4525 4528 4530 4539
14 4448 4450 4451 4468 4520 4522 4524 4525 4528 4529 4531 4532 4534 4539
8 4448 4468 4520 4521 4522 4530 4534 4539
7 4528 4530 4533 4534 4535 4538 4539
7 4528 4532 4535 4538 4539 4542 4543
9 4451 4466 4468 4471 4528 4530 4531 4532 4535
7 4381 4382 4466 4532 4533 4534 4542
8 4515 4521 4522 4523 4537 4538 4539 4540
5 4512 4515 4536 4540 4541
6 4532 4533 4536 4539 4540 4543
10 4521 4522 4528 4529 4530 4531 4532 4533 4536 4538
8 4536 4537 4538 4541 4543 4748 4828 4829
8 4498 4499 4512 4537 4540 4748 4749 4751
6 4382 4533 4535 4543 4820 4830
6 4533 4538 4540 4542 4828 4830
9 4545 4546 4548 4549 4565 4566 4589 4590 4591
10 4544 4546 4547 4548 4549 4554 4564 4565 4566 4589
14 4488 4489 4492 4493 4495 4516 4544 4545 4547 4549 4550 4589 4602 4603
9 4516 4527 4545 4546 4549 4552 4554 4555 4559
13 4544 4545 4549 4551 4559 4564 4566 4567 4589 4590 4591 4600 4603
13 4516 4544 4545 4546 4547 4548 4550 4551 4554 4559 4564 4589 4603
14 4493 4495 4516 4517 4518 4526 4546 4549 4551 4552 4557 4559 4603 4604
7 4548 4549 4550 4557 4559 4603 4604
16 4449 4454 4456 4461 4516 4524 4525 4526 4527 4547 4550 4553 4554 4555 4556 4559
12 4454 4456 4458 4461 4552 4554 4555 4556 4558 4559 4561 4563
11 4545 4547 4549 4552 4553 4555 4559 4561 4562 4564 4565
10 4454 4525 4527 4547 4552 4553 4554 4561 4562 4563
10 4448 4456 4457 4524 4526 4552 4553 4557 4558 4559
7 4457 4517 4526 4550 4551 4556 4559
10 4456 4458 4459 4461 4553 4556 4559 4561 4567 4569
16 4516 4526 4547 4548 4549 4550 4551 4552 4553 4554 4556 4557 4558 4561 4564 4567
11 4445 4459 4461 4463 4561 4562 4563 4564 4568 4569 4571
13 4459 4461 4553 4554 4555 4558 4559 4560 4562 4563 4564 4567 4569
7 4554 4555 4560 4561 4563 4564 4565
8 4454 4461 4463 4553 4555 4560 4561 4562
14 4545 4548 4549 4554 4559 4560 4561 4562 4565 4566 4567 4568 4569 4572
6 4544 4545 4554 4562 4564 4566
10 4544 4545 4548 4564 4565 4567 4569 4572 4578 4590
7 4548 4558 4559 4561 4564 4566 4569
8 4445 4560 4564 4569 4570 4571 4572 4573
10 4445 4459 4558 4560 4561 4564 4566 4567 4568 4572
10 4426 4427 4431 4444 4445 4568 4571 4573 4574 4575
7 4427 4444 4445 4560 4568 4570 4573
6 4564 4566 4568 4569 4573 4578
7 4568 4570 4571 4572 4574 4578 4579
6 4570 4573 4575 4579 4580 4982
6 4431 4570 4574 4922 4980 4982
8 4577 4578 4579 4583 4584 4585 4590 4591
9 4576 4578 4579 4582 4583 4584 4585 4586 4587
8 4566 4572 4573 4576 4577 4579 4584 4590
7 4573 4574 4576 4577 4578 4580 4583
6 4574 4579 4581 4583 4982 4991
6 4250 4251 4580 4583 4989 4991
6 4251 4254 4577 4583 4586 4587
7 4251 4576 4577 4579 4580 4581 4582
9 4576 4577 4578 4585 4587 4590 4591 4600 4601
12 4576 4577 4584 4586 4587 4588 4591 4592 4593 4594 4599 4601
11 4254 4298 4299 4301 4577 4582 4585 4587 4593 4594 4595
10 4254 4301 4577 4582 4584 4585 4586 4594 4595 4601
5 4585 4589 4591 4592 4599
12 4488 4544 4545 4546 4548 4549 4588 4591 4592 4599 4602 4603
8 4544 4548 4566 4576 4578 4584 4591 4600
13 4544 4548 4576 4584 4585 4588 4589 4590 4599 4600 4601 4602 4603
7 4585 4588 4589 4593 4594 4597 4599
8 4298 4299 4585 4586 4592 4594 4596 4597
14 4298 4299 4585 4586 4587 4592 4593 4595 4596 4597 4598 4599 4601 4606
10 4289 4298 4301 4302 4586 4587 4594 4596 4601 4606
13 4289 4293 4298 4299 4505 4506 4593 4594 4595 4597 4598 4606 4607
8 4491 4506 4592 4593 4594 4596 4598 4599
14 4490 4491 4494 4505 4506 4507 4594 4596 4597 4599 4602 4605 4606 4607
14 4491 4585 4588 4589 4591 4592 4594 4597 4598 4600 4601 4602 4605 4606
11 4548 4584 4590 4591 4599 4601 4602 4603 4604 4605 4606
9 4584 4585 4587 4591 4594 4595 4599 4600 4606
15 4488 4489 4490 4491 4492 4494 4495 4546 4589 4591 4598 4599 4600 4603 4605
13 4494 4495 4546 4548 4549 4550 4551 4589 4591 4600 4602 4604 4605
7 4494 4495 4550 4551 4600 4603 4605
10 4494 4507 4598 4599 4600 4602 4603 4604 4606 4607
12 4289 4291 4302 4594 4595 4596 4598 4599 4600 4601 4605 4607
10 4288 4289 4291 4504 4505 4507 4596 4598 4605 4606
6 4609 4610 4611 4614 4618 4639
6 4608 4618 4638 4639 4673 4675
5 4608 4611 4612 4613 4614
6 4608 4610 4613 4618 4619 4621
6 4610 4613 4614 4615 4642 4655
6 4610 4611 4612 4621 4653 4655
8 4608 4610 4612 4615 4629 4630 4631 4639
5 4612 4614 4629 4642 4665
6 4617 4618 4619 4623 4672 4679
6 2016 2021 4616 4623 4676 4679
7 4608 4609 4611 4616 4619 4672 4673
6 4611 4616 4618 4620 4621 4623
5 4619 4621 4622 4623 4653
5 4611 4613 4619 4620 4653
6 1920 2022 4620 4623 4650 4653
7 2021 2022 4616 4617 4619 4620 4622
6 4625 4628 4664 4666 4760 4763
7 4624 4626 4627 4628 4631 4754 4763
5 4625 4627 4634 4635 4754
7 4625 4626 4630 4631 4632 4633 4635
5 4624 4625 4629 4631 4664
6 4614 4615 4628 4631 4664 4665
6 4614 4627 4631 4632 4637 4639
6 4614 4625 4627 4628 4629 4630
5 4627 4630 4633 4636 4637
6 4627 4632 4635 4636 4696 4697
7 4626 4635 4703 4752 4753 4754 4787
6 4626 4627 4633 4634 4697 4703
6 4632 4633 4637 4638 4689 4696
5 4630 4632 4636 4638 4639
7 4609 4636 4637 4639 4675 4689 4691
6 4608 4609 4614 4630 4637 4638
8 4641 4642 4643 4645 4646 4652 4654 4655
6 4640 4643 4644 4645 4656 4669
6 4612 4615 4640 4643 4655 4665
6 4640 4641 4642 4665 4668 4669
4 4641 4645 4656 4663
7 4640 4641 4644 4646 4647 4661 4663
6 4640 4645 4647 4648 4649 4652
6 4645 4646 4648 4661 5013 5014
6 1934 4646 4647 4649 5012 5013
5 1934 4646 4648 4651 4652
6 1920 1923 4622 4651 4652 4653
6 1923 1934 1935 4649 4650 4652
7 4640 4646 4649 4650 4651 4653 4654
8 4613 4620 4621 4622 4650 4652 4654 4655
4 4640 4652 4653 4655
6 4612 4613 4640 4642 4653 4654
6 4641 4644 4657 4662 4663 4669
7 4656 4658 4659 4662 4669 4670 4671
5 4657 4659 4670 4805 4807
6 4657 4658 4662 4728 4807 4844
6 4661 4662 4663 4729 5022 5023
6 4645 4647 4660 4663 5014 5022
7 4656 4657 4659 4660 4663 4728 4729
6 4644 4645 4656 4660 4661 4662
7 4624 4628 4629 4665 4666 4667 4668
6 4615 4629 4642 4643 4664 4668
5 4624 4664 4667 4760 4811
6 4664 4666 4668 4670 4671 4811
6 4643 4664 4665 4667 4669 4671
6 4641 4643 4656 4657 4668 4671
8 4657 4658 4667 4671 4805 4810 4811 4815
5 4657 4667 4668 4669 4670
5 4616 4618 4673 4674 4679
5 4609 4618 4672 4674 4675
7 4672 4673 4675 4678 4679 4680 4681
6 4609 4638 4673 4674 4681 4691
7 2016 2017 2021 4617 4677 4678 4679
5 2017 4676 4678 5038 5039
7 4674 4676 4677 4679 4680 4682 5039
6 4616 4617 4672 4674 4676 4678
5 4674 4678 4681 4682 4683
7 4674 4675 4680 4683 4685 4687 4691
5 4678 4680 4683 5035 5039
6 4680 4681 4682 4685 5032 5035
5 4685 4686 4712 5054 5055
7 4681 4683 4684 4686 4687 5032 5054
7 4684 4685 4687 4694 4695 4712 4714
6 4681 4685 4686 4690 4691 4695
4 4689 4690 4693 4696
6 4636 4638 4688 4690 4691 4696
6 4687 4688 4689 4691 4693 4695
6 4638 4675 4681 4687 4689 4690
5 4693 4694 4695 4698 4718
7 4688 4690 4692 4695 4696 4698 4699
6 4686 4692 4695 4714 4718 4719
6 4686 4687 4690 4692 4693 4694
7 4633 4636 4688 4689 4693 4697 4699
6 4633 4635 4696 4699 4701 4703
7 4692 4693 4699 4701 4705 4706 4718
5 4693 4696 4697 4698 4701
5 4701 4702 4704 4779 4785
8 4697 4698 4699 4700 4702 4703 4704 4705
5 4700 4701 4703 4785 4787
6 4634 4635 4697 4701 4702 4787
7 4700 4701 4705 4707 4709 4779 4782
5 4698 4701 4704 4706 4707
5 4698 4705 4707 4716 4718
7 4704 4705 4706 4709 4710 4711 4716
6 4709 4710 4783 4836 4838 4839
6 4704 4707 4708 4710 4782 4783
7 4707 4708 4709 4711 4722 4723 4836
5 4707 4710 4716 4723 4725
6 4684 4686 4713 4714 5049 5055
7 4712 4714 4715 4726 4727 5048 5049
7 4686 4694 4712 4713 4715 4717 4719
5 4713 4714 4717 4725 4726
7 4706 4707 4711 4717 4718 4719 4725
5 4714 4715 4716 4719 4725
6 4692 4694 4698 4706 4716 4719
5 4694 4714 4716 4717 4718
6 4721 4723 4724 4725 4730 4733
5 4720 4722 4723 4730 4847
5 4710 4721 4723 4836 4847
6 4710 4711 4720 4721 4722 4725
5 4720 4725 4726 4733 4734
8 4711 4715 4716 4717 4720 4723 4724 4726
6 4713 4715 4724 4725 4727 4734
5 4713 4726 4734 4735 5048
7 4659 4662 4729 4730 4731 4844 4845
6 4660 4662 4728 4731 4732 5023
7 4720 4721 4728 4731 4733 4845 4847
5 4728 4729 4730 4732 4733
6 4729 4731 4733 4735 5018 5023
7 4720 4724 4730 4731 4732 4734 4735
5 4724 4726 4727 4733 4735
7 4727 4732 4733 4734 5018 5019 5048
7 4737 4739 4740 4742 4744 4758 4759
5 4736 4742 4744 4745 4750
6 4739 4740 4757 4758 4790 4798
4 4736 4738 4740 4758
8 4736 4738 4739 4741 4742 4743 4796 4798
5 4336 4348 4740 4743 4796
6 4736 4737 4740 4743 4750 4751
6 4348 4500 4740 4741 4742 4751
7 4736 4737 4745 4747 4759 4765 4767
5 4737 4744 4747 4749 4750
5 4747 4748 4749 4827 4829
6 4744 4745 4746 4749 4765 4827
5 4540 4541 4746 4749 4829
7 4541 4745 4746 4747 4748 4750 4751
5 4737 4742 4745 4749 4751
7 4499 4500 4541 4742 4743 4749 4750
6 4634 4753 4754 4755 4756 4758
4 4634 4752 4756 4787
7 4625 4626 4634 4752 4755 4762 4763
7 4752 4754 4758 4759 4762 4766 4767
6 4752 4753 4757 4758 4786 4787
5 4738 4756 4758 4786 4790
8 4736 4738 4739 4752 4755 4756 4757 4759
5 4736 4744 4755 4758 4767
6 4624 4666 4761 4762 4763 4811
6 4760 4762 4764 4766 4808 4811
6 4754 4755 4760 4761 4763 4766
5 4624 4625 4754 4760 4762
6 4761 4765 4766 4808 4826 4827
6 4744 4747 4764 4766 4767 4827
6 4755 4761 4762 4764 4765 4767
5 4744 4755 4759 4765 4766
6 4769 4775 4777 4780 4789 4794
5 4768 4770 4773 4775 4780
6 4769 4771 4773 4780 4781 4850
5 4770 4781 4833 4848 4850
6 4116 4276 4773 4774 4775 4854
6 4769 4770 4772 4775 4850 4854
5 4276 4772 4775 4792 4795
7 4768 4769 4772 4773 4774 4794 4795
6 4777 4778 4780 4782 4784 4788
5 4768 4776 4780 4788 4789
5 4776 4779 4782 4784 4785
5 4700 4704 4778 4782 4785
8 4768 4769 4770 4776 4777 4781 4782 4783
5 4770 4771 4780 4783 4833
7 4704 4709 4776 4778 4779 4780 4783
7 4708 4709 4780 4781 4782 4833 4838
7 4776 4778 4785 4786 4787 4788 4791
6 4700 4702 4778 4779 4784 4787
6 4756 4757 4784 4787 4790 4791
8 4634 4702 4703 4753 4756 4784 4785 4786
5 4776 4777 4784 4789 4791
6 4768 4777 4788 4791 4794 4799
5 4738 4757 4786 4791 4798
7 4784 4786 4788 4789 4790 4798 4799
7 4276 4277 4774 4793 4795 4797 4799
5 4277 4284 4337 4792 4797
5 4768 4775 4789 4795 4799
5 4774 4775 4792 4794 4799
5 4336 4740 4741 4797 4798
7 4336 4337 4792 4793 4796 4798 4799
7 4738 4740 4790 4791 4796 4797 4799
7 4789 4791 4792 4794 4795 4797 4798
6 4801 4802 4817 4818 4841 4856
5 4800 4802 4803 4812 4817
6 4800 4801 4803 4806 4841 4842
6 4801 4802 4804 4806 4812 4814
5 4803 4805 4806 4807 4814
6 4658 4670 4804 4807 4814 4815
5 4802 4803 4804 4807 4842
7 4658 4659 4804 4805 4806 4842 4844
6 4761 4764 4809 4811 4813 4826
6 4808 4810 4811 4813 4814 4815
4 4670 4809 4811 4815
8 4666 4667 4670 4760 4761 4808 4809 4810
6 4801 4803 4813 4814 4817 4825
6 4808 4809 4812 4814 4825 4826
7 4803 4804 4805 4809 4812 4813 4815
5 4670 4805 4809 4810 4814
6 4817 4819 4820 4821 4825 4831
7 4800 4801 4812 4816 4818 4819 4825
6 4800 4817 4819 4823 4856 4863
5 4816 4817 4818 4821 4823
7 4382 4542 4816 4821 4822 4830 4831
5 4816 4819 4820 4822 4823
8 4363 4382 4383 4820 4821 4823 4860 4861
6 4818 4819 4821 4822 4860 4863
4 4825 4826 4827 4831
7 4812 4813 4816 4817 4824 4826 4831
6 4764 4808 4813 4824 4825 4827
8 4746 4747 4764 4765 4824 4826 4829 4831
5 4540 4543 4829 4830 4831
6 4540 4746 4748 4827 4828 4831
5 4542 4543 4820 4828 4831
8 4816 4820 4824 4825 4827 4828 4829 4830
5 4833 4834 4835 4848 4858
7 4771 4781 4783 4832 4835 4838 4848
6 4832 4835 4840 4843 4857 4858
7 4832 4833 4834 4837 4838 4839 4843
6 4708 4710 4722 4837 4839 4847
6 4835 4836 4839 4843 4846 4847
5 4708 4783 4833 4835 4839
5 4708 4835 4836 4837 4838
5 4834 4841 4843 4856 4857
6 4800 4802 4840 4842 4843 4856
7 4802 4806 4807 4841 4843 4844 4846
7 4834 4835 4837 4840 4841 4842 4846
6 4659 4728 4807 4842 4845 4846
5 4728 4730 4844 4846 4847
6 4837 4842 4843 4844 4845 4847
7 4721 4722 4730 4836 4837 4845 4846
6 4771 4832 4833 4849 4850 4858
6 4848 4850 4851 4858 4859 4862
7 4770 4771 4773 4848 4849 4851 4854
5 4849 4850 4853 4854 4862
8 4098 4099 4362 4853 4855 4860 4861 4862
5 4851 4852 4854 4855 4862
7 4116 4772 4773 4850 4851 4853 4855
6 4098 4112 4116 4852 4853 4854
7 4800 4818 4840 4841 4857 4859 4863
5 4834 4840 4856 4858 4859
6 4832 4834 4848 4849 4857 4859
6 4849 4856 4857 4858 4862 4863
6 4822 4823 4852 4861 4862 4863
5 4362 4363 4822 4852 4860
7 4849 4851 4852 4853 4859 4860 4863
6 4818 4823 4856 4859 4860 4862
6 4865 4866 4868 4869 4912 4913
6 4864 4866 4880 4883 4911 4913
5 4864 4865 4867 4869 4880
8 4866 4869 4878 4879 4880 4881 4894 4895
5 4864 4869 4871 4912 4917
7 4864 4866 4867 4868 4870 4871 4879
7 4196 4223 4869 4871 4876 4877 4879
6 4196 4199 4868 4869 4870 4917
5 4873 4874 4893 4931 4939
5 4872 4874 4878 4893 4895
7 4872 4873 4875 4877 4878 4936 4939
6 4213 4222 4874 4876 4877 4936
5 4222 4223 4870 4875 4877
6 4870 4874 4875 4876 4878 4879
6 4867 4873 4874 4877 4879 4895
5 4867 4869 4870 4877 4878
8 4865 4866 4867 4881 4882 4883 4894 4895
7 4867 4880 4882 4887 4889 4890 4894
7 4880 4881 4883 4884 4885 4887 4906
5 4865 4880 4882 4906 4911
7 4882 4885 4886 4906 4907 5082 5085
4 4882 4884 4886 4887
7 4884 4885 4887 4890 4891 5065 5082
5 4881 4882 4885 4886 4890
6 4889 4890 4891 4892 4947 4950
6 4881 4888 4890 4892 4893 4894
6 4881 4886 4887 4888 4889 4891
7 4886 4888 4890 4945 4947 5065 5067
6 4888 4889 4893 4894 4930 4950
8 4872 4873 4889 4892 4894 4895 4930 4931
7 4867 4880 4881 4889 4892 4893 4895
6 4867 4873 4878 4880 4893 4894
7 4897 4898 4968 4972 4973 5090 5091
7 4896 4898 4899 4901 4902 4968 4973
6 4896 4897 4899 4905 5090 5110
5 4897 4898 4901 4905 4909
7 4901 4902 4903 4910 4914 4915 4926
6 4897 4899 4900 4902 4909 4910
7 4897 4900 4901 4903 4926 4968 4969
7 4900 4902 4924 4926 4968 4969 4977
7 4905 4906 4907 4908 4909 5108 5109
6 4898 4899 4904 4909 5108 5110
7 4882 4883 4884 4904 4907 4908 4911
6 4884 4904 4906 5084 5085 5109
5 4904 4906 4909 4910 4911
6 4899 4901 4904 4905 4908 4910
7 4900 4901 4908 4909 4911 4913 4914
6 4865 4883 4906 4908 4910 4913
8 4864 4868 4913 4914 4915 4916 4917 4918
6 4864 4865 4910 4911 4912 4914
6 4900 4910 4912 4913 4915 4918
6 4900 4912 4914 4918 4926 4927
5 4419 4912 4917 4918 4919
6 4199 4419 4868 4871 4912 4916
6 4912 4914 4915 4916 4919 4927
7 4419 4428 4916 4918 4920 4921 4927
5 4919 4921 4923 4925 4927
7 4428 4430 4431 4919 4920 4922 4923
5 4431 4575 4921 4923 4980
6 4920 4921 4922 4925 4980 4981
5 4903 4925 4926 4977 4981
6 4920 4923 4924 4926 4927 4981
7 4900 4902 4903 4915 4924 4925 4927
6 4915 4918 4919 4920 4925 4926
8 4929 4931 4932 4933 4934 4938 4939 4943
6 4928 4930 4931 4934 4939 4951
6 4892 4893 4929 4931 4950 4951
6 4872 4893 4928 4929 4930 4939
6 4928 4933 4940 4943 4986 4987
5 4928 4932 4934 4935 4987
7 4928 4929 4933 4935 4951 4956 4957
6 4933 4934 4957 4964 4985 4987
5 4213 4874 4875 4937 4939
7 4213 4214 4249 4936 4938 4939 4942
5 4928 4937 4939 4942 4943
8 4872 4874 4928 4929 4931 4936 4937 4938
6 4932 4941 4943 4986 4988 4989
6 4250 4940 4942 4943 4988 4989
7 4248 4249 4250 4937 4938 4941 4943
6 4928 4932 4938 4940 4941 4942
7 4945 4946 4948 4952 4953 5056 5066
6 4891 4944 4946 4947 5066 5067
5 4944 4945 4947 4948 4952
6 4888 4891 4945 4946 4948 4950
7 4944 4946 4947 4949 4950 4952 4955
5 4948 4950 4951 4955 4956
7 4888 4892 4930 4947 4948 4949 4951
6 4929 4930 4934 4949 4950 4956
8 4944 4946 4948 4953 4954 4955 5042 5058
4 4944 4952 5056 5058
6 4952 4955 4958 4959 5042 5046
6 4948 4949 4952 4954 4956 4958
6 4934 4949 4951 4955 4957 4958
6 4934 4935 4956 4958 4964 4965
6 4954 4955 4956 4957 4959 4965
7 4954 4958 4962 4963 4965 5046 5047
5 4961 4963 4966 4974 4975
7 4960 4962 4963 4974 5101 5102 5103
5 4959 4961 4963 5047 5103
6 4959 4960 4961 4962 4965 4966
6 4935 4957 4965 4967 4985 4987
7 4957 4958 4959 4963 4964 4966 4967
7 4960 4963 4965 4967 4970 4971 4975
6 4964 4965 4966 4970 4979 4985
8 4896 4897 4902 4903 4969 4971 4973 4975
8 4902 4903 4968 4970 4971 4976 4977 4979
6 4966 4967 4969 4971 4975 4979
6 4966 4968 4969 4970 4973 4975
6 4896 4973 4974 4975 5091 5101
7 4896 4897 4968 4971 4972 4974 4975
6 4960 4961 4972 4973 4975 5101
8 4960 4966 4968 4970 4971 4972 4973 4974
6 4969 4977 4978 4979 4981 4983
5 4903 4924 4969 4976 4981
5 4976 4979 4983 4984 4990
7 4967 4969 4970 4976 4978 4984 4985
6 4575 4922 4923 4981 4982 4983
7 4923 4924 4925 4976 4977 4980 4983
6 4574 4575 4580 4980 4983 4991
7 4976 4978 4980 4981 4982 4990 4991
7 4978 4979 4985 4986 4987 4988 4990
6 4935 4964 4967 4979 4984 4987
6 4932 4940 4984 4987 4988 4990
7 4932 4933 4935 4964 4984 4985 4986
7 4940 4941 4984 4986 4989 4990 4991
6 4250 4581 4940 4941 4988 4991
6 4978 4983 4984 4986 4988 4991
7 4580 4581 4982 4983 4988 4989 4990
7 4993 4994 4995 4996 4998 5000 5004
6 1968 1975 4992 4995 5000 5002
5 1962 4992 4995 4996 4997
6 1962 1968 1969 4992 4993 4994
7 4992 4994 4997 4998 4999 5026 5027
5 1960 1962 4994 4996 5027
5 4992 4996 4999 5004 5006
5 4996 4998 5006 5026 5051
7 4992 4993 5001 5002 5003 5004 5005
6 5000 5003 5005 5008 5010 5021
4 1975 4993 5000 5003
7 1930 1974 1975 5000 5001 5002 5010
6 4992 4998 5000 5005 5006 5007
7 5000 5001 5004 5007 5016 5017 5021
6 4998 4999 5004 5007 5050 5051
5 5004 5005 5006 5016 5050
6 5001 5009 5010 5015 5020 5021
5 5008 5010 5011 5012 5015
6 1930 5001 5003 5008 5009 5011
6 1930 1932 1934 5009 5010 5012
6 1934 4648 5009 5011 5013 5015
5 4647 4648 5012 5014 5015
5 4647 4661 5013 5015 5022
7 5008 5009 5012 5013 5014 5020 5022
7 5005 5007 5017 5018 5019 5048 5050
4 5005 5016 5018 5021
8 4732 4735 5016 5017 5019 5020 5021 5023
4 4735 5016 5018 5048
6 5008 5015 5018 5021 5022 5023
6 5001 5005 5008 5017 5018 5020
6 4660 4661 5014 5015 5020 5023
6 4660 4729 4732 5018 5020 5022
5 1993 1995 5025 5027 5030
6 5024 5026 5027 5028 5030 5031
6 4996 4999 5025 5027 5028 5051
7 1960 1995 4996 4997 5024 5025 5026
6 5025 5026 5029 5031 5051 5053
5 5028 5031 5033 5052 5053
8 1993 1997 1999 5024 5025 5031 5034 5037
6 5025 5028 5029 5030 5033 5034
6 4683 4685 5033 5034 5035 5054
6 5029 5031 5032 5034 5052 5054
7 5030 5031 5032 5033 5035 5036 5037
6 4682 4683 5032 5034 5036 5039
6 2010 5034 5035 5037 5038 5039
5 1997 2010 5030 5034 5036
6 2010 2011 2017 4677 5036 5039
6 4677 4678 4682 5035 5036 5038
6 5041 5043 5059 5062 5240 5242
6 5040 5042 5043 5044 5240 5244
7 4952 4954 5041 5043 5044 5046 5058
5 5040 5041 5042 5058 5059
6 5041 5042 5045 5046 5240 5244
6 5044 5046 5047 5098 5099 5244
6 4954 4959 5042 5044 5045 5047
6 4959 4962 5045 5046 5098 5103
7 4713 4727 4735 5016 5019 5049 5050
5 4712 4713 5048 5050 5055
8 5006 5007 5016 5048 5049 5051 5053 5055
6 4999 5006 5026 5028 5050 5053
5 5029 5033 5053 5054 5055
6 5028 5029 5050 5051 5052 5055
6 4684 4685 5032 5033 5052 5055
7 4684 4712 5049 5050 5052 5053 5054
7 4944 4953 5057 5058 5059 5066 5071
7 5056 5058 5059 5061 5063 5066 5071
7 4952 4953 5042 5043 5056 5057 5059
7 5040 5043 5056 5057 5058 5062 5063
5 5061 5063 5068 5201 5212
6 5057 5060 5063 5068 5070 5071
5 5040 5059 5063 5202 5242
7 5057 5059 5060 5061 5062 5201 5202
7 5065 5066 5067 5070 5071 5072 5080
6 4886 4891 5064 5067 5080 5082
7 4944 4945 5056 5057 5064 5067 5071
5 4891 4945 5064 5065 5066
7 5060 5061 5069 5070 5071 5212 5214
6 5068 5070 5072 5074 5075 5214
6 5061 5064 5068 5069 5071 5072
7 5056 5057 5061 5064 5066 5068 5070
6 5064 5069 5070 5073 5075 5080
6 5072 5075 5078 5079 5080 5081
6 5069 5075 5077 5129 5214 5215
6 5069 5072 5073 5074 5077 5078
6 5077 5078 5079 5116 5117 5122
6 5074 5075 5076 5078 5122 5129
5 5073 5075 5076 5077 5079
7 5073 5076 5078 5081 5086 5117 5119
7 5064 5065 5072 5073 5081 5082 5083
7 5073 5079 5080 5083 5085 5086 5087
6 4884 4886 5065 5080 5083 5085
4 5080 5081 5082 5085
5 4907 5085 5087 5105 5109
7 4884 4907 5081 5082 5083 5084 5087
6 5079 5081 5087 5104 5117 5119
7 5081 5084 5085 5086 5104 5105 5109
7 5089 5090 5091 5094 5095 5106 5111
6 5088 5091 5095 5096 5100 5101
6 4896 4898 5088 5091 5110 5111
7 4896 4972 5088 5089 5090 5100 5101
6 5093 5094 5095 5097 5174 5247
7 5092 5094 5095 5113 5174 5181 5182
7 5088 5092 5093 5095 5106 5112 5113
7 5088 5089 5092 5093 5094 5096 5097
7 5089 5095 5097 5098 5099 5100 5102
6 5092 5095 5096 5099 5245 5247
6 5045 5047 5096 5099 5102 5103
6 5045 5096 5097 5098 5244 5245
5 5089 5091 5096 5101 5102
7 4961 4972 4974 5089 5091 5100 5102
6 4961 5096 5098 5100 5101 5103
5 4961 4962 5047 5098 5102
5 5086 5087 5105 5107 5119
7 5084 5087 5104 5107 5108 5109 5111
5 5088 5094 5107 5111 5112
7 5104 5105 5106 5111 5112 5118 5119
6 4904 4905 5105 5109 5110 5111
6 4904 4907 5084 5087 5105 5108
5 4898 4905 5090 5108 5111
7 5088 5090 5105 5106 5107 5108 5110
6 5094 5106 5107 5113 5114 5118
5 5093 5094 5112 5114 5182
7 5112 5113 5115 5118 5125 5182 5183
5 5114 5116 5118 5125 5183
7 5076 5115 5117 5118 5122 5123 5125
6 5076 5079 5086 5116 5118 5119
7 5107 5112 5114 5115 5116 5117 5119
6 5079 5086 5104 5107 5117 5118
7 5121 5127 5130 5131 5135 5136 5139
7 5120 5122 5123 5124 5127 5130 5131
7 5076 5077 5116 5121 5123 5129 5130
5 5116 5121 5122 5124 5125
6 5121 5123 5125 5126 5127 5178
7 5114 5115 5116 5123 5124 5178 5183
6 5124 5127 5138 5156 5178 5179
6 5120 5121 5124 5126 5138 5139
6 5129 5130 5131 5133 5211 5215
6 5074 5077 5122 5128 5130 5215
7 5120 5121 5122 5128 5129 5131 5135
6 5120 5121 5128 5130 5133 5135
6 5133 5134 5190 5191 5210 5211
6 5128 5131 5132 5134 5135 5211
7 5132 5133 5135 5145 5146 5147 5190
8 5120 5130 5131 5133 5134 5136 5146 5147
5 5120 5135 5137 5139 5147
6 5136 5139 5142 5143 5147 5151
6 5126 5127 5139 5143 5156 5157
6 5120 5127 5136 5137 5138 5143
7 5141 5148 5152 5155 5249 5257 5259
7 5140 5142 5143 5148 5151 5152 5155
4 5137 5141 5143 5151
7 5137 5138 5139 5141 5142 5152 5157
4 5145 5150 5189 5358
6 5134 5144 5146 5150 5189 5190
5 5134 5135 5145 5147 5150
7 5134 5135 5136 5137 5146 5150 5151
6 5140 5141 5149 5151 5249 5250
6 5148 5150 5151 5250 5357 5358
8 5144 5145 5146 5147 5149 5151 5357 5358
7 5137 5141 5142 5147 5148 5149 5150
7 5140 5141 5143 5153 5154 5155 5157
7 5152 5154 5155 5157 5159 5164 5165
6 5152 5153 5155 5164 5258 5311
7 5140 5141 5152 5153 5154 5258 5259
6 5126 5138 5157 5158 5159 5179
6 5138 5143 5152 5153 5156 5159
7 5156 5159 5162 5163 5168 5176 5179
6 5153 5156 5157 5158 5162 5165
6 5161 5163 5166 5171 5221 5227
6 5160 5162 5163 5165 5166 5167
5 5158 5159 5161 5163 5165
6 5158 5160 5161 5162 5168 5171
5 5153 5154 5165 5167 5311
6 5153 5159 5161 5162 5164 5167
6 5160 5161 5167 5221 5226 5227
8 5161 5164 5165 5166 5226 5298 5308 5311
6 5158 5163 5169 5170 5171 5176
5 5168 5170 5173 5176 5177
7 5168 5169 5171 5172 5173 5232 5234
7 5160 5163 5168 5170 5221 5223 5232
5 5170 5173 5175 5234 5246
7 5169 5170 5172 5175 5176 5177 5180
5 5092 5093 5175 5181 5247
7 5172 5173 5174 5180 5181 5246 5247
7 5158 5168 5169 5173 5177 5179 5180
7 5169 5173 5176 5178 5179 5180 5183
6 5124 5125 5126 5177 5179 5183
6 5126 5156 5158 5176 5177 5178
7 5173 5175 5176 5177 5181 5182 5183
6 5093 5174 5175 5180 5182 5183
6 5093 5113 5114 5180 5181 5183
8 5114 5115 5125 5177 5178 5180 5181 5182
5 5185 5187 5191 5209 5210
6 5184 5187 5193 5195 5205 5209
6 5187 5188 5198 5199 5330 5353
7 5184 5185 5186 5188 5191 5195 5198
6 5186 5187 5189 5190 5191 5353
7 5144 5145 5188 5190 5191 5353 5358
6 5132 5134 5145 5188 5189 5191
7 5132 5184 5187 5188 5189 5190 5210
6 5193 5194 5206 5207 5218 5237
6 5185 5192 5194 5195 5205 5206
8 5192 5193 5195 5196 5198 5218 5219 5231
5 5185 5187 5193 5194 5198
6 5194 5197 5198 5199 5230 5231
7 5196 5199 5230 5329 5336 5337 5339
6 5186 5187 5194 5195 5196 5199
6 5186 5196 5197 5198 5329 5330
5 5201 5202 5203 5204 5207
7 5060 5063 5200 5202 5204 5212 5213
7 5062 5063 5200 5201 5203 5242 5243
5 5200 5202 5207 5238 5243
7 5200 5201 5205 5206 5207 5208 5213
6 5185 5193 5204 5206 5208 5209
5 5192 5193 5204 5205 5207
7 5192 5200 5203 5204 5206 5237 5238
7 5204 5205 5209 5210 5211 5213 5214
5 5184 5185 5205 5208 5210
6 5132 5184 5191 5208 5209 5211
7 5128 5132 5133 5208 5210 5214 5215
5 5060 5068 5201 5213 5214
5 5201 5204 5208 5212 5214
8 5068 5069 5074 5208 5211 5212 5213 5215
5 5074 5128 5129 5211 5214
5 5217 5219 5220 5222 5229
6 5216 5218 5219 5222 5233 5236
6 5192 5194 5217 5219 5236 5237
6 5194 5216 5217 5218 5229 5231
7 5216 5221 5222 5223 5224 5227 5229
7 5160 5166 5171 5220 5222 5223 5227
7 5216 5217 5220 5221 5223 5232 5233
5 5171 5220 5221 5222 5232
6 5220 5225 5226 5227 5228 5229
6 5224 5226 5228 5302 5303 5339
8 5166 5167 5224 5225 5227 5298 5303 5308
6 5160 5166 5220 5221 5224 5226
5 5224 5225 5229 5230 5339
7 5216 5219 5220 5224 5228 5230 5231
6 5196 5197 5228 5229 5231 5339
5 5194 5196 5219 5229 5230
7 5170 5171 5222 5223 5233 5234 5235
6 5217 5222 5232 5234 5235 5236
7 5170 5172 5232 5233 5235 5241 5246
7 5232 5233 5234 5236 5239 5241 5246
7 5217 5218 5233 5235 5237 5238 5239
6 5192 5207 5218 5236 5238 5239
6 5203 5207 5236 5237 5239 5243
6 5235 5236 5237 5238 5241 5243
6 5040 5041 5044 5241 5242 5244
8 5234 5235 5239 5240 5242 5243 5244 5246
6 5040 5062 5202 5240 5241 5243
6 5202 5203 5238 5239 5241 5242
8 5041 5044 5045 5099 5240 5241 5245 5246
5 5097 5099 5244 5246 5247
8 5172 5175 5234 5235 5241 5244 5245 5247
6 5092 5097 5174 5175 5245 5246
8 5249 5250 5251 5254 5255 5256 5257 5261
5 5140 5148 5248 5250 5257
8 5148 5149 5248 5249 5251 5344 5356 5357
7 5248 5250 5254 5255 5344 5345 5356
7 5253 5254 5255 5260 5261 5276 5277
6 5252 5254 5255 5277 5346 5369
7 5248 5251 5252 5253 5255 5256 5261
8 5248 5251 5252 5253 5254 5344 5345 5346
7 5248 5254 5257 5258 5259 5261 5262
5 5140 5248 5249 5256 5259
7 5154 5155 5256 5259 5262 5310 5311
6 5140 5155 5256 5257 5258 5262
7 5252 5261 5263 5264 5265 5267 5276
7 5248 5252 5254 5256 5260 5262 5263
8 5256 5258 5259 5261 5263 5304 5306 5310
5 5260 5261 5262 5264 5304
6 5260 5263 5265 5271 5304 5305
6 5260 5264 5266 5267 5270 5271
7 5265 5267 5268 5270 5271 5273 5275
5 5260 5265 5266 5273 5276
5 5266 5269 5270 5275 5507
6 5268 5270 5275 5280 5281 5507
7 5265 5266 5268 5269 5271 5280 5284
6 5264 5265 5266 5270 5284 5305
7 5273 5274 5278 5279 5513 5514 5515
7 5266 5267 5272 5274 5275 5276 5279
6 5272 5273 5275 5510 5511 5513
8 5266 5268 5269 5273 5274 5507 5510 5511
6 5252 5260 5267 5273 5277 5279
5 5252 5253 5276 5279 5369
5 5272 5279 5374 5375 5515
7 5272 5273 5276 5277 5278 5369 5375
7 5269 5270 5281 5282 5283 5284 5285
5 5269 5280 5283 5507 5573
7 5280 5283 5285 5286 5291 5292 5293
6 5280 5281 5282 5293 5573 5574
5 5270 5271 5280 5285 5305
8 5280 5282 5284 5286 5287 5304 5305 5307
5 5282 5285 5287 5289 5291
6 5285 5286 5289 5296 5297 5307
7 5289 5290 5300 5301 5314 5315 5343
7 5286 5287 5288 5290 5291 5296 5300
7 5288 5289 5291 5292 5294 5314 5318
5 5282 5286 5289 5290 5292
5 5282 5290 5291 5293 5294
7 5282 5283 5292 5294 5295 5574 5577
5 5290 5292 5293 5295 5318
7 5293 5294 5317 5318 5576 5577 5611
7 5287 5289 5297 5298 5299 5300 5303
5 5287 5296 5299 5307 5309
6 5167 5226 5296 5299 5303 5308
6 5296 5297 5298 5307 5308 5309
6 5288 5289 5296 5301 5302 5303
5 5288 5300 5302 5338 5343
6 5225 5300 5301 5303 5338 5339
6 5225 5226 5296 5298 5300 5302
7 5262 5263 5264 5285 5305 5306 5307
6 5264 5271 5284 5285 5304 5307
5 5262 5304 5307 5309 5310
8 5285 5287 5297 5299 5304 5305 5306 5309
6 5167 5226 5298 5299 5309 5311
7 5297 5299 5306 5307 5308 5310 5311
5 5258 5262 5306 5309 5311
7 5154 5164 5167 5258 5308 5309 5310
5 5313 5314 5315 5319 5325
7 5312 5314 5315 5323 5325 5341 5342
7 5288 5290 5312 5313 5315 5318 5319
6 5288 5312 5313 5314 5342 5343
7 5317 5319 5324 5325 5327 5610 5614
6 5295 5316 5318 5319 5610 5611
6 5290 5294 5295 5314 5317 5319
6 5312 5314 5316 5317 5318 5325
7 5321 5322 5324 5326 5351 5360 5361
6 5320 5322 5323 5333 5334 5351
5 5320 5321 5323 5324 5325
6 5313 5321 5322 5325 5333 5341
7 5316 5320 5322 5325 5326 5327 5361
7 5312 5313 5316 5319 5322 5323 5324
5 5320 5324 5327 5361 5366
6 5316 5324 5326 5366 5612 5614
6 5329 5331 5332 5335 5337 5340
6 5197 5199 5328 5330 5331 5337
6 5186 5199 5329 5331 5352 5353
7 5328 5329 5330 5332 5335 5352 5355
7 5328 5331 5333 5334 5335 5337 5340
6 5321 5323 5332 5334 5340 5341
7 5321 5332 5333 5335 5348 5350 5351
7 5328 5331 5332 5334 5348 5349 5355
7 5197 5337 5338 5339 5340 5342 5343
6 5197 5328 5329 5332 5336 5340
5 5301 5302 5336 5339 5343
7 5197 5225 5228 5230 5302 5336 5338
7 5328 5332 5333 5336 5337 5341 5342
5 5313 5323 5333 5340 5342
6 5313 5315 5336 5340 5341 5343
6 5288 5301 5315 5336 5338 5342
7 5250 5251 5255 5345 5349 5354 5356
7 5251 5255 5344 5346 5347 5348 5349
6 5253 5255 5345 5347 5368 5369
7 5345 5346 5348 5350 5363 5368 5371
6 5334 5335 5345 5347 5349 5350
6 5335 5344 5345 5348 5354 5355
5 5334 5347 5348 5351 5363
6 5320 5321 5334 5350 5360 5363
6 5330 5331 5353 5354 5355 5359
7 5186 5188 5189 5330 5352 5358 5359
6 5344 5349 5352 5355 5356 5359
5 5331 5335 5349 5352 5354
6 5250 5251 5344 5354 5357 5359
6 5149 5150 5250 5356 5358 5359
7 5144 5149 5150 5189 5353 5357 5359
6 5352 5353 5354 5356 5357 5358
7 5320 5351 5361 5362 5363 5364 5367
6 5320 5324 5326 5360 5366 5367
6 5360 5363 5364 5370 5371 5373
6 5347 5350 5351 5360 5362 5371
6 5360 5362 5365 5367 5373 5545
5 5364 5367 5536 5538 5545
6 5326 5327 5361 5367 5536 5612
6 5360 5361 5364 5365 5366 5536
5 5346 5347 5369 5370 5371
7 5253 5277 5279 5346 5368 5370 5375
6 5362 5368 5369 5371 5373 5375
5 5347 5362 5363 5368 5370
6 5373 5374 5375 5545 5550 5551
7 5362 5364 5370 5372 5374 5375 5545
7 5278 5372 5373 5375 5515 5550 5551
7 5278 5279 5369 5370 5372 5373 5374
5 5377 5382 5387 5552 5555
6 5376 5378 5379 5382 5555 5566
6 5377 5379 5442 5443 5560 5566
6 5377 5378 5382 5383 5442 5447
6 5381 5383 5392 5446 5447 5456
7 5380 5382 5383 5384 5392 5394 5395
7 5376 5377 5379 5381 5383 5384 5387
6 5379 5380 5381 5382 5446 5447
6 5381 5382 5385 5387 5394 5395
7 5384 5386 5387 5388 5390 5394 5396
5 5385 5387 5390 5528 5552
6 5376 5382 5384 5385 5386 5552
6 5385 5389 5390 5391 5394 5396
5 5388 5391 5396 5420 5422
6 5385 5386 5388 5391 5528 5529
7 5388 5389 5390 5417 5422 5529 5532
7 5380 5381 5393 5395 5401 5456 5459
5 5392 5395 5398 5401 5404
8 5381 5384 5385 5388 5395 5396 5397 5398
6 5381 5384 5392 5393 5394 5398
7 5385 5388 5389 5394 5397 5420 5422
6 5394 5396 5398 5399 5420 5432
7 5393 5394 5395 5397 5399 5404 5405
5 5397 5398 5405 5432 5435
5 5401 5402 5403 5404 5406
8 5392 5393 5400 5403 5404 5458 5459 5463
6 5400 5403 5406 6080 6084 6137
8 5400 5401 5402 5462 5463 6080 6137 6138
6 5393 5398 5400 5401 5405 5406
7 5398 5399 5404 5406 5407 5435 5436
6 5400 5402 5404 5405 5407 6084
5 5405 5406 5436 5437 6084
7 5409 5410 5411 5412 5415 5416 5418
5 5408 5411 5418 5496 5497
5 5408 5411 5414 5415 5483
6 5408 5409 5410 5483 5497 5502
6 5408 5413 5415 5416 5421 5423
6 5412 5415 5421 5427 5428 5433
6 5410 5415 5428 5429 5482 5483
7 5408 5410 5412 5413 5414 5427 5428
6 5408 5412 5417 5418 5419 5423
7 5391 5416 5419 5422 5423 5532 5533
7 5408 5409 5416 5419 5496 5595 5596
6 5416 5417 5418 5533 5596 5597
7 5389 5396 5397 5421 5422 5423 5432
6 5412 5413 5420 5423 5432 5433
6 5389 5391 5396 5417 5420 5423
6 5412 5416 5417 5420 5421 5422
7 5425 5426 5427 5439 6017 6022 6023
7 5424 5426 5427 5428 5431 6022 6023
6 5424 5425 5427 5433 5434 5439
7 5413 5415 5424 5425 5426 5428 5433
7 5413 5414 5415 5425 5427 5429 5431
5 5414 5428 5430 5431 5482
6 5429 5431 5482 5485 6024 6025
6 5425 5428 5429 5430 6022 6024
7 5397 5399 5420 5421 5433 5434 5435
6 5413 5421 5426 5427 5432 5434
6 5426 5432 5433 5435 5438 5439
6 5399 5405 5432 5434 5436 5438
5 5405 5407 5435 5437 5438
6 5407 5436 5438 6084 6085 6087
7 5434 5435 5436 5437 5439 6016 6087
7 5424 5426 5434 5438 6016 6017 6087
6 5441 5442 5443 5452 5453 5618
8 5440 5442 5443 5444 5445 5447 5449 5452
6 5378 5379 5440 5441 5443 5447
7 5378 5440 5441 5442 5560 5561 5618
6 5441 5445 5449 5451 5457 5460
7 5441 5444 5446 5447 5449 5452 5457
6 5380 5383 5445 5447 5456 5457
7 5379 5380 5383 5441 5442 5445 5446
6 5449 5450 5451 5454 5490 5494
7 5441 5444 5445 5448 5451 5452 5454
6 5448 5451 5470 5471 5474 5494
6 5444 5448 5449 5450 5460 5471
7 5440 5441 5445 5449 5453 5454 5455
5 5440 5452 5455 5616 5618
6 5448 5449 5452 5455 5489 5490
7 5452 5453 5454 5488 5489 5616 5631
5 5380 5392 5446 5457 5459
8 5444 5445 5446 5456 5458 5459 5460 5461
5 5401 5457 5459 5461 5463
5 5392 5401 5456 5457 5458
6 5444 5451 5457 5461 5469 5471
5 5457 5458 5460 5463 5469
5 5403 5463 5468 5469 6138
6 5401 5403 5458 5461 5462 5469
6 5465 5466 5467 6051 6140 6143
7 5464 5467 5468 5471 6138 6139 6143
7 5464 5467 5476 5477 6048 6051 6140
7 5464 5465 5466 5470 5471 5475 5476
5 5462 5465 5469 5471 6138
6 5460 5461 5462 5463 5468 5471
5 5450 5467 5471 5474 5475
8 5450 5451 5460 5465 5467 5468 5469 5470
5 5473 5475 5476 5478 5486
6 5472 5474 5475 5486 5493 5495
6 5450 5470 5473 5475 5494 5495
6 5467 5470 5472 5473 5474 5476
6 5466 5467 5472 5475 5477 5478
6 5466 5476 5478 5479 6048 6060
6 5472 5476 5477 5479 5486 5487
6 5477 5478 5484 5487 6026 6060
5 5481 5482 5483 5485 5487
6 5480 5483 5486 5487 5493 5503
6 5414 5429 5430 5480 5483 5485
8 5410 5411 5414 5480 5481 5482 5502 5503
7 5479 5485 5487 6025 6026 6027 6060
7 5430 5480 5482 5484 5487 6024 6025
6 5472 5473 5478 5481 5487 5493
7 5478 5479 5480 5481 5484 5485 5486
7 5455 5489 5498 5501 5628 5629 5631
7 5454 5455 5488 5490 5491 5498 5501
6 5448 5454 5489 5491 5492 5494
6 5489 5490 5492 5494 5500 5501
8 5490 5491 5493 5494 5495 5500 5501 5503
6 5473 5481 5486 5492 5495 5503
7 5448 5450 5474 5490 5491 5492 5495
5 5473 5474 5492 5493 5494
5 5409 5418 5497 5499 5595
7 5409 5411 5496 5498 5499 5500 5502
8 5488 5489 5497 5499 5500 5501 5592 5628
5 5496 5497 5498 5592 5595
7 5491 5492 5497 5498 5501 5502 5503
6 5488 5489 5491 5492 5498 5500
5 5411 5483 5497 5500 5503
6 5481 5483 5492 5493 5500 5502
8 5505 5506 5508 5510 5511 5527 5569 5572
7 5504 5506 5526 5527 5569 5571 5572
6 5504 5505 5507 5510 5572 5573
7 5268 5269 5275 5281 5506 5510 5573
6 5504 5509 5510 5511 5522 5527
5 5508 5511 5512 5519 5522
7 5274 5275 5504 5506 5507 5508 5511
8 5274 5275 5504 5508 5509 5510 5512 5513
6 5509 5511 5513 5514 5516 5519
5 5272 5274 5511 5512 5514
6 5272 5512 5513 5515 5516 5551
5 5272 5278 5374 5514 5551
6 5512 5514 5517 5519 5549 5551
5 5516 5518 5519 5549 5557
5 5517 5519 5520 5556 5557
8 5509 5512 5516 5517 5518 5520 5521 5522
6 5518 5519 5521 5530 5554 5556
6 5519 5520 5522 5523 5530 5531
6 5508 5509 5519 5521 5523 5527
7 5521 5522 5525 5526 5527 5531 5535
6 5525 5526 5535 5588 5589 5598
5 5523 5524 5526 5527 5535
7 5505 5523 5524 5525 5527 5571 5589
7 5504 5505 5508 5522 5523 5525 5526
7 5386 5390 5529 5530 5531 5552 5553
6 5390 5391 5528 5531 5532 5534
6 5520 5521 5528 5531 5553 5554
7 5521 5523 5528 5529 5530 5534 5535
5 5391 5417 5529 5533 5534
7 5417 5419 5532 5534 5535 5597 5598
5 5529 5531 5532 5533 5535
8 5523 5524 5525 5531 5533 5534 5597 5598
8 5365 5366 5367 5537 5538 5539 5612 5613
7 5536 5538 5539 5543 5603 5612 5613
6 5365 5536 5537 5539 5544 5545
7 5536 5537 5538 5541 5543 5544 5545
6 5541 5542 5547 5558 5564 5565
7 5539 5540 5542 5543 5544 5546 5547
6 5540 5541 5543 5563 5564 5600
6 5537 5539 5541 5542 5600 5603
8 5538 5539 5541 5545 5546 5547 5548 5550
8 5364 5365 5372 5373 5538 5539 5544 5550
6 5541 5544 5547 5548 5549 5550
7 5540 5541 5544 5546 5549 5558 5565
5 5544 5546 5549 5550 5551
8 5516 5517 5546 5547 5548 5551 5557 5558
7 5372 5374 5544 5545 5546 5548 5551
8 5372 5374 5514 5515 5516 5548 5549 5550
6 5376 5386 5387 5528 5553 5555
5 5528 5530 5552 5554 5555
6 5520 5530 5553 5555 5556 5559
8 5376 5377 5552 5553 5554 5559 5566 5567
6 5518 5520 5554 5557 5558 5559
5 5517 5518 5549 5556 5558
7 5540 5547 5549 5556 5557 5559 5565
6 5554 5555 5556 5558 5565 5567
6 5378 5443 5561 5562 5566 5567
7 5443 5560 5562 5563 5618 5619 5620
5 5560 5561 5563 5564 5567
8 5542 5561 5562 5564 5600 5619 5620 5621
6 5540 5542 5562 5563 5565 5567
6 5540 5547 5558 5559 5564 5567
5 5377 5378 5555 5560 5567
7 5555 5559 5560 5562 5564 5565 5566
7 5569 5570 5572 5575 5579 5580 5581
7 5504 5505 5568 5570 5571 5572 5575
7 5568 5569 5571 5581 5585 5589 5591
5 5505 5526 5569 5570 5589
7 5504 5505 5506 5568 5569 5573 5575
7 5281 5283 5506 5507 5572 5574 5575
6 5283 5293 5573 5575 5577 5579
6 5568 5569 5572 5573 5574 5579
7 5295 5577 5578 5579 5583 5609 5611
5 5293 5295 5574 5576 5579
6 5576 5579 5580 5582 5583 5609
7 5568 5574 5575 5576 5577 5578 5580
6 5568 5578 5579 5581 5582 5583
6 5568 5570 5580 5582 5584 5585
6 5578 5580 5581 5583 5584 5605
7 5576 5578 5580 5582 5605 5609 5611
6 5581 5582 5585 5587 5605 5626
5 5570 5581 5584 5587 5591
5 5587 5590 5593 5594 5624
7 5584 5585 5586 5590 5591 5624 5626
6 5524 5589 5590 5591 5598 5599
6 5524 5526 5570 5571 5588 5591
6 5586 5587 5588 5591 5594 5599
6 5570 5585 5587 5588 5589 5590
6 5498 5499 5593 5594 5595 5628
5 5586 5592 5594 5624 5628
7 5586 5590 5592 5593 5595 5596 5599
6 5418 5496 5499 5592 5594 5596
6 5418 5419 5594 5595 5597 5599
6 5419 5533 5535 5596 5598 5599
6 5524 5533 5535 5588 5597 5599
6 5588 5590 5594 5596 5597 5598
6 5542 5543 5563 5601 5603 5621
6 5600 5602 5603 5607 5621 5622
5 5601 5603 5606 5607 5613
6 5537 5543 5600 5601 5602 5613
5 5605 5606 5607 5626 5627
7 5582 5583 5584 5604 5606 5609 5626
8 5602 5604 5605 5607 5608 5609 5613 5615
6 5601 5602 5604 5606 5622 5627
5 5606 5609 5610 5611 5615
7 5576 5578 5583 5605 5606 5608 5611
6 5316 5317 5608 5611 5614 5615
7 5295 5317 5576 5583 5608 5609 5610
7 5327 5366 5536 5537 5613 5614 5615
8 5536 5537 5602 5603 5606 5612 5614 5615
6 5316 5327 5610 5612 5613 5615
6 5606 5608 5610 5612 5613 5614
6 5453 5455 5617 5618 5619 5631
6 5616 5619 5620 5623 5630 5631
6 5440 5443 5453 5561 5616 5619
6 5561 5563 5616 5617 5618 5620
6 5561 5563 5617 5619 5621 5623
6 5563 5600 5601 5620 5622 5623
6 5601 5607 5621 5623 5625 5627
8 5617 5620 5621 5622 5625 5627 5630 5631
8 5586 5587 5593 5625 5626 5628 5629 5630
6 5622 5623 5624 5626 5627 5630
7 5584 5587 5604 5605 5624 5625 5627
6 5604 5607 5622 5623 5625 5626
7 5488 5498 5592 5593 5624 5629 5630
5 5488 5624 5628 5630 5631
7 5617 5623 5624 5625 5628 5629 5631
7 5455 5488 5616 5617 5623 5629 5630
6 5633 5635 5637 5638 5646 5647
6 5632 5635 5647 5656 5657 5681
7 5635 5638 5684 5686 5856 5857 5859
6 5632 5633 5634 5638 5681 5684
5 5637 5639 5640 5842 5843
6 5632 5636 5638 5639 5640 5646
6 5632 5634 5635 5637 5639 5857
6 5636 5637 5638 5842 5844 5857
5 5636 5637 5641 5646 5843
6 5640 5642 5643 5646 5843 5855
6 5641 5643 5645 5646 5714 5717
7 5641 5642 5717 5719 5848 5854 5855
6 5645 5646 5647 5656 5660 5714
5 5642 5644 5646 5714 5717
8 5632 5637 5640 5641 5642 5644 5645 5647
5 5632 5633 5644 5646 5656
7 5649 5650 5651 5653 5655 5899 5900
4 5648 5650 5666 5899
7 5648 5649 5651 5658 5659 5666 5667
6 5648 5650 5652 5653 5658 5662
7 5651 5653 5662 5663 5704 5705 5708
6 5648 5651 5652 5654 5655 5708
6 5653 5655 5708 5710 5889 5892
6 5648 5653 5654 5888 5889 5900
7 5633 5644 5647 5657 5658 5660 5661
6 5633 5656 5658 5659 5680 5681
7 5650 5651 5656 5657 5659 5661 5662
5 5650 5657 5658 5667 5680
5 5644 5656 5661 5712 5714
6 5656 5658 5660 5662 5663 5712
5 5651 5652 5658 5661 5663
6 5652 5661 5662 5704 5712 5713
6 5665 5669 5671 5672 5673 5898
6 5664 5666 5667 5669 5898 5899
5 5649 5650 5665 5667 5899
8 5650 5659 5665 5666 5668 5669 5680 5682
5 5667 5669 5670 5682 5689
6 5664 5665 5667 5668 5670 5671
8 5668 5669 5671 5674 5676 5682 5689 5693
6 5664 5669 5670 5672 5673 5674
6 5664 5671 5673 5674 5675 5927
6 5664 5671 5672 5898 5926 5927
5 5670 5671 5672 5675 5676
7 5672 5674 5676 5678 5927 5932 5933
7 5670 5674 5675 5677 5678 5679 5693
5 5676 5678 5679 5692 5693
8 5675 5676 5677 5679 5744 5745 5933 5935
7 5676 5677 5678 5692 5744 5745 5748
6 5657 5659 5667 5681 5682 5683
7 5633 5635 5657 5680 5683 5684 5685
6 5667 5668 5670 5680 5683 5689
6 5680 5681 5682 5684 5685 5689
7 5634 5635 5681 5683 5685 5686 5687
7 5681 5683 5684 5687 5688 5689 5690
5 5634 5684 5687 5859 5866
5 5684 5685 5686 5690 5866
6 5685 5689 5690 5691 5693 5694
8 5668 5670 5682 5683 5685 5688 5690 5693
7 5685 5687 5688 5689 5691 5864 5866
6 5688 5690 5694 5695 5864 5865
7 5677 5679 5693 5694 5695 5748 5749
7 5670 5676 5677 5688 5689 5692 5694
5 5688 5691 5692 5693 5695
7 5691 5692 5694 5740 5741 5749 5865
6 5697 5698 5699 5703 5756 5758
6 5696 5699 5702 5703 5709 5711
5 5696 5699 5758 6001 6011
7 5696 5697 5698 5710 5711 6010 6011
7 5701 5702 5703 5722 5731 5732 5735
7 5700 5702 5706 5707 5720 5721 5722
6 5697 5700 5701 5703 5706 5709
6 5696 5697 5700 5702 5732 5756
6 5652 5663 5705 5706 5707 5713
5 5652 5704 5706 5708 5709
6 5701 5702 5704 5705 5707 5709
5 5701 5704 5706 5713 5720
7 5652 5653 5654 5705 5709 5710 5711
6 5697 5702 5705 5706 5708 5711
7 5654 5699 5708 5711 5892 5893 6010
5 5697 5699 5708 5709 5710
6 5660 5661 5663 5713 5714 5715
7 5663 5704 5707 5712 5715 5720 5725
7 5642 5644 5645 5660 5712 5715 5717
6 5712 5713 5714 5716 5717 5725
7 5715 5717 5718 5719 5724 5725 5726
7 5642 5643 5645 5714 5715 5716 5719
6 5716 5719 5726 5849 5877 5878
6 5643 5716 5717 5718 5848 5849
5 5701 5707 5713 5721 5725
7 5701 5720 5722 5723 5724 5725 5727
5 5700 5701 5721 5723 5731
6 5721 5722 5724 5727 5728 5731
6 5716 5721 5723 5725 5726 5727
7 5713 5715 5716 5720 5721 5724 5726
6 5716 5718 5724 5725 5727 5877
7 5721 5723 5724 5726 5728 5876 5877
7 5723 5727 5729 5730 5731 5874 5876
5 5728 5730 5737 5874 5875
7 5728 5729 5731 5734 5736 5737 5739
7 5700 5722 5723 5728 5730 5734 5735
6 5700 5703 5733 5735 5756 5757
7 5732 5734 5735 5738 5739 5753 5757
5 5730 5731 5733 5735 5739
5 5700 5731 5732 5733 5734
6 5730 5737 5739 5742 5743 5884
7 5729 5730 5736 5739 5875 5884 5885
6 5733 5739 5742 5749 5751 5753
7 5730 5733 5734 5736 5737 5738 5742
5 5695 5741 5742 5743 5749
6 5695 5740 5743 5865 5869 5886
7 5736 5738 5739 5740 5743 5749 5751
6 5736 5740 5741 5742 5884 5886
6 5678 5679 5745 5747 5748 5750
6 5678 5679 5744 5746 5747 5935
7 5745 5747 5754 5755 5935 5976 5980
6 5744 5745 5746 5750 5752 5754
6 5679 5692 5744 5749 5750 5751
7 5692 5695 5738 5740 5742 5748 5751
6 5744 5747 5748 5751 5752 5753
7 5738 5742 5748 5749 5750 5752 5753
6 5747 5750 5751 5753 5754 5757
6 5733 5738 5750 5751 5752 5757
6 5746 5747 5752 5755 5757 5759
5 5746 5754 5759 5976 6002
6 5696 5703 5732 5757 5758 5759
7 5732 5733 5752 5753 5754 5756 5759
5 5696 5698 5756 5759 6001
7 5754 5755 5756 5757 5758 6001 6002
9 5761 5763 5765 5766 5769 5770 5778 5790 5791
19 5760 5762 5763 5765 5766 5767 5770 5773 5774 5778 5782 5787 5790 5791 5792 5793 5803 5806 5807
9 5761 5763 5764 5765 5767 5784 5787 5806 5807
8 5760 5761 5762 5765 5784 5787 5790 5791
9 5762 5765 5767 5804 5807 5830 5850 5853 5854
8 5760 5761 5762 5763 5764 5766 5767 5850
7 5760 5761 5765 5767 5770 5839 5850
15 5761 5762 5764 5765 5766 5770 5771 5774 5803 5804 5807 5830 5838 5839 5850
9 5769 5770 5771 5772 5773 5774 5775 5777 5781
9 5760 5768 5770 5771 5773 5777 5778 5781 5790
11 5760 5761 5766 5767 5768 5769 5771 5773 5774 5775 5778
11 5767 5768 5769 5770 5774 5775 5824 5825 5830 5838 5839
9 5768 5773 5774 5775 5781 5814 5815 5816 5817
14 5761 5768 5769 5770 5772 5774 5775 5778 5781 5782 5792 5815 5817 5818
20 5761 5767 5768 5770 5771 5772 5773 5775 5792 5800 5802 5803 5816 5817 5818 5822 5823 5824 5828 5830
9 5768 5770 5771 5772 5773 5774 5816 5824 5825
7 5777 5778 5779 5780 5781 5782 5783
8 5768 5769 5776 5778 5779 5781 5782 5790
15 5760 5761 5769 5770 5773 5776 5777 5779 5781 5782 5783 5787 5789 5790 5791
7 5776 5777 5778 5783 5788 5789 5790
6 5776 5781 5782 5783 5814 5815
12 5768 5769 5772 5773 5776 5777 5778 5780 5782 5783 5814 5815
15 5761 5773 5776 5777 5778 5780 5781 5783 5786 5787 5789 5792 5811 5815 5818
12 5776 5778 5779 5780 5781 5782 5786 5789 5797 5810 5811 5815
9 5762 5763 5785 5787 5791 5793 5794 5799 5806
7 5784 5786 5787 5788 5789 5791 5799
9 5782 5783 5785 5787 5789 5793 5797 5799 5811
16 5761 5762 5763 5778 5782 5784 5785 5786 5789 5791 5792 5793 5797 5799 5806 5811
5 5779 5785 5789 5790 5791
10 5778 5779 5782 5783 5785 5786 5787 5788 5790 5791
10 5760 5761 5763 5769 5777 5778 5779 5788 5789 5791
10 5760 5761 5763 5778 5784 5785 5787 5788 5789 5790
19 5761 5773 5774 5782 5787 5793 5795 5796 5797 5800 5801 5803 5806 5807 5809 5811 5818 5819 5821
14 5761 5784 5786 5787 5792 5794 5795 5796 5797 5798 5799 5801 5806 5811
7 5784 5793 5795 5798 5799 5801 5806
10 5792 5793 5794 5796 5798 5800 5801 5808 5809 5821
8 5792 5793 5795 5797 5798 5808 5809 5811
10 5783 5786 5787 5792 5793 5796 5798 5799 5808 5811
6 5793 5794 5795 5796 5797 5799
8 5784 5785 5786 5787 5793 5794 5797 5798
11 5774 5792 5795 5801 5802 5803 5818 5819 5820 5821 5823
9 5792 5793 5794 5795 5800 5803 5805 5806 5807
11 5774 5800 5803 5821 5823 5828 5830 5831 5845 5846 5847
14 5761 5767 5774 5792 5800 5801 5802 5804 5805 5806 5807 5830 5846 5847
11 5764 5767 5803 5805 5807 5830 5846 5850 5853 5854 5855
6 5801 5803 5804 5807 5846 5847
10 5761 5762 5784 5787 5792 5793 5794 5801 5803 5807
10 5761 5762 5764 5767 5792 5801 5803 5804 5805 5806
6 5795 5796 5797 5809 5810 5811
10 5792 5795 5796 5808 5810 5811 5812 5819 5820 5821
7 5783 5808 5809 5811 5812 5813 5815
15 5782 5783 5786 5787 5792 5793 5796 5797 5808 5809 5810 5812 5815 5818 5819
9 5809 5810 5811 5813 5815 5817 5818 5819 5820
5 5810 5812 5814 5815 5817
6 5772 5780 5781 5813 5815 5817
13 5772 5773 5780 5781 5782 5783 5810 5811 5812 5813 5814 5817 5818
10 5772 5774 5775 5817 5818 5819 5820 5822 5823 5824
10 5772 5773 5774 5812 5813 5814 5815 5816 5818 5819
13 5773 5774 5782 5792 5800 5811 5812 5815 5816 5817 5819 5820 5823
11 5792 5800 5809 5811 5812 5816 5817 5818 5820 5821 5823
9 5800 5809 5812 5816 5818 5819 5821 5822 5823
8 5792 5795 5800 5802 5809 5819 5820 5823
8 5774 5816 5820 5823 5824 5827 5828 5830
10 5774 5800 5802 5816 5818 5819 5820 5821 5822 5828
14 5771 5774 5775 5816 5822 5825 5826 5827 5828 5830 5831 5833 5835 5838
7 5771 5775 5824 5826 5827 5832 5838
10 5824 5825 5827 5831 5832 5833 5835 5838 5863 5883
8 5822 5824 5825 5826 5828 5829 5831 5863
10 5774 5802 5822 5823 5824 5827 5829 5830 5831 5845
7 5827 5828 5831 5845 5861 5862 5863
21 5764 5767 5771 5774 5802 5803 5804 5822 5824 5828 5831 5833 5834 5835 5837 5838 5839 5840 5846 5850 5853
17 5802 5824 5826 5827 5828 5829 5830 5835 5840 5841 5844 5845 5846 5847 5853 5862 5863
7 5825 5826 5833 5835 5838 5881 5883
11 5824 5826 5830 5832 5834 5835 5836 5837 5838 5872 5881
9 5830 5833 5835 5836 5837 5840 5849 5852 5853
10 5824 5826 5830 5831 5832 5833 5834 5840 5862 5863
9 5833 5834 5837 5838 5849 5851 5872 5873 5879
9 5830 5833 5834 5836 5838 5839 5849 5851 5853
11 5767 5771 5824 5825 5826 5830 5832 5833 5836 5837 5839
9 5766 5767 5771 5830 5837 5838 5850 5851 5853
12 5830 5831 5834 5835 5841 5842 5843 5844 5846 5852 5853 5862
8 5831 5840 5842 5844 5845 5857 5861 5862
10 5636 5639 5840 5841 5843 5844 5846 5847 5852 5857
11 5636 5640 5641 5840 5842 5844 5846 5847 5852 5853 5855
11 5639 5831 5840 5841 5842 5843 5845 5846 5847 5857 5861
9 5802 5828 5829 5831 5841 5844 5847 5861 5862
13 5802 5803 5804 5805 5830 5831 5840 5842 5843 5844 5847 5853 5855
9 5802 5803 5805 5831 5842 5843 5844 5845 5846
9 5643 5719 5849 5850 5851 5852 5853 5854 5855
10 5718 5719 5834 5836 5837 5848 5851 5852 5853 5878
11 5764 5765 5766 5767 5804 5830 5839 5848 5851 5853 5854
9 5836 5837 5839 5848 5849 5850 5853 5878 5879
9 5834 5840 5842 5843 5848 5849 5853 5854 5855
17 5764 5804 5830 5831 5834 5837 5839 5840 5843 5846 5848 5849 5850 5851 5852 5854 5855
8 5643 5764 5804 5848 5850 5852 5853 5855
9 5641 5643 5804 5843 5846 5848 5852 5853 5854
5 5634 5857 5858 5859 5861
8 5634 5638 5639 5841 5842 5844 5856 5861
6 5856 5859 5860 5861 5866 5867
5 5634 5686 5856 5858 5866
6 5858 5861 5863 5867 5870 5871
11 5829 5841 5844 5845 5856 5857 5858 5860 5862 5863 5867
8 5829 5831 5835 5840 5841 5845 5861 5863
10 5826 5827 5829 5831 5835 5860 5861 5862 5871 5883
7 5690 5691 5865 5866 5867 5868 5869
5 5691 5695 5741 5864 5869
7 5686 5687 5690 5858 5859 5864 5867
7 5858 5860 5861 5864 5866 5868 5870
5 5864 5867 5869 5870 5887
6 5741 5864 5865 5868 5886 5887
6 5860 5867 5868 5871 5882 5887
5 5860 5863 5870 5882 5883
7 5833 5836 5873 5874 5875 5880 5881
5 5836 5872 5874 5876 5879
6 5728 5729 5872 5873 5875 5876
6 5729 5737 5872 5874 5880 5885
6 5727 5728 5873 5874 5877 5879
6 5718 5726 5727 5876 5878 5879
5 5718 5849 5851 5877 5879
6 5836 5851 5873 5876 5877 5878
6 5872 5875 5881 5882 5883 5885
6 5832 5833 5872 5880 5882 5883
8 5870 5871 5880 5881 5883 5884 5885 5887
7 5826 5832 5863 5871 5880 5881 5882
7 5736 5737 5743 5882 5885 5886 5887
5 5737 5875 5880 5882 5884
5 5741 5743 5869 5884 5887
6 5868 5869 5870 5882 5884 5886
5 5655 5889 5890 5900 5901
6 5654 5655 5888 5890 5892 5895
7 5888 5889 5891 5894 5895 5901 5903
5 5890 5894 5903 5912 5913
6 5654 5710 5889 5893 5895 6010
6 5710 5892 5894 5895 6010 6012
8 5890 5891 5893 5895 5913 5997 6012 6013
6 5889 5890 5892 5893 5894 6012
6 5897 5898 5899 5900 5922 5926
7 5896 5899 5900 5901 5902 5922 5923
6 5664 5665 5673 5896 5899 5926
8 5648 5649 5665 5666 5896 5897 5898 5900
7 5648 5655 5888 5896 5897 5899 5901
6 5888 5890 5897 5900 5902 5903
5 5897 5901 5903 5917 5923
7 5890 5891 5901 5902 5912 5916 5917
6 5905 5906 5993 5994 6104 6107
6 5904 5906 5908 5911 6098 6104
5 5904 5905 5907 5911 5994
6 5906 5911 5914 5915 5994 5996
5 5905 5909 5910 5911 6098
6 5908 5910 5950 6097 6098 6120
7 5908 5909 5911 5918 5919 5949 5950
7 5905 5906 5907 5908 5910 5914 5919
5 5891 5903 5913 5914 5916
6 5891 5894 5912 5914 5915 5997
7 5907 5911 5912 5913 5915 5916 5919
5 5907 5913 5914 5996 5997
5 5903 5912 5914 5917 5919
8 5902 5903 5916 5918 5919 5923 5945 5946
5 5910 5917 5919 5946 5949
6 5910 5911 5914 5916 5917 5918
6 5921 5922 5923 5924 5944 5945
5 5920 5924 5931 5942 5944
6 5896 5897 5920 5923 5924 5926
6 5897 5902 5917 5920 5922 5945
7 5920 5921 5922 5925 5926 5929 5931
6 5924 5926 5927 5929 5931 5932
7 5673 5896 5898 5922 5924 5925 5927
6 5672 5673 5675 5925 5926 5932
6 5929 5930 5933 5934 5971 5982
7 5924 5925 5928 5930 5931 5932 5933
7 5928 5929 5931 5940 5941 5970 5971
8 5921 5924 5925 5929 5930 5940 5941 5942
5 5675 5925 5927 5929 5933
7 5675 5678 5928 5929 5932 5934 5935
6 5928 5933 5935 5980 5981 5982
6 5678 5745 5746 5933 5934 5980
7 5937 5938 5939 5941 5943 5948 5951
6 5936 5939 5951 6114 6115 6122
8 5936 5939 5940 5941 5943 5960 5962 5963
6 5936 5937 5938 5963 6064 6114
7 5930 5931 5938 5941 5960 5962 5970
7 5930 5931 5936 5938 5940 5942 5943
6 5921 5931 5941 5943 5944 5947
7 5936 5938 5941 5942 5944 5947 5948
6 5920 5921 5942 5943 5945 5947
6 5917 5920 5923 5944 5946 5947
6 5917 5918 5945 5947 5948 5949
6 5942 5943 5944 5945 5946 5948
7 5936 5943 5946 5947 5949 5950 5951
5 5910 5918 5946 5948 5950
7 5909 5910 5948 5949 5951 6120 6123
6 5936 5937 5948 5950 6122 6123
6 5953 5954 5986 5987 6032 6073
5 5952 5954 5957 5986 5988
7 5952 5953 5955 5957 5958 6073 6075
5 5954 5958 5965 5967 6075
6 5957 5959 5973 5988 5991 6006
7 5953 5954 5956 5958 5959 5988 5991
6 5954 5955 5957 5959 5967 5974
6 5956 5957 5958 5972 5973 5974
5 5938 5940 5961 5962 5970
7 5960 5962 5964 5966 5968 5969 5970
6 5938 5940 5960 5961 5963 5964
6 5938 5939 5962 5964 6064 6069
7 5961 5962 5963 5965 5966 6068 6069
6 5955 5964 5966 5967 6068 6075
6 5961 5964 5965 5967 5968 5974
6 5955 5958 5965 5966 5968 5974
7 5961 5966 5967 5969 5970 5974 5975
6 5961 5968 5970 5971 5975 5983
7 5930 5940 5960 5961 5968 5969 5971
6 5928 5930 5969 5970 5982 5983
6 5959 5973 5974 5975 5978 5979
6 5956 5959 5972 5978 6005 6006
7 5958 5959 5966 5967 5968 5972 5975
6 5968 5969 5972 5974 5979 5983
5 5746 5755 5977 5980 6002
7 5976 5978 5979 5980 5981 6002 6003
6 5972 5973 5977 5979 6003 6005
6 5972 5975 5977 5978 5981 5983
6 5746 5934 5935 5976 5977 5981
6 5934 5977 5979 5980 5982 5983
5 5928 5934 5971 5981 5983
6 5969 5971 5975 5979 5981 5982
6 5985 5986 5987 5989 5992 5995
8 5984 5986 5987 5992 5993 6036 6037 6107
7 5952 5953 5984 5985 5987 5988 5989
7 5952 5984 5985 5986 6032 6033 6036
7 5953 5956 5957 5986 5989 5990 5991
5 5984 5986 5988 5990 5995
6 5988 5989 5991 5995 5999 6007
6 5956 5957 5988 5990 6006 6007
5 5984 5985 5993 5994 5995
6 5904 5985 5992 5994 6037 6107
7 5904 5906 5907 5992 5993 5995 5996
7 5984 5989 5990 5992 5994 5996 5999
7 5907 5915 5994 5995 5997 5998 5999
6 5894 5913 5915 5996 5998 6013
5 5996 5997 5999 6013 6014
7 5990 5995 5996 5998 6007 6014 6015
6 6001 6002 6003 6004 6005 6009
7 5698 5758 5759 6000 6002 6009 6011
7 5755 5759 5976 5977 6000 6001 6003
5 5977 5978 6000 6002 6005
6 6000 6005 6006 6007 6009 6015
6 5973 5978 6000 6003 6004 6006
6 5956 5973 5991 6004 6005 6007
6 5990 5991 5999 6004 6006 6015
6 6009 6010 6011 6012 6014 6015
6 6000 6001 6004 6008 6011 6015
7 5699 5710 5892 5893 6008 6011 6012
6 5698 5699 6001 6008 6009 6010
7 5893 5894 5895 6008 6010 6013 6014
5 5894 5997 5998 6012 6014
6 5998 5999 6008 6012 6013 6015
6 5999 6004 6007 6008 6009 6014
6 5438 5439 6017 6019 6087 6094
6 5424 5439 6016 6018 6019 6023
7 6017 6019 6020 6021 6023 6044 6045
6 6016 6017 6018 6045 6094 6095
6 6018 6021 6029 6031 6040 6044
6 6018 6020 6022 6023 6029 6031
7 5424 5425 5431 6021 6023 6024 6029
6 5424 5425 6017 6018 6021 6022
6 5430 5431 5485 6022 6025 6029
7 5430 5484 5485 6024 6027 6028 6029
7 5479 5484 6027 6028 6060 6061 6063
4 5484 6025 6026 6028
8 6025 6026 6027 6029 6030 6031 6059 6063
7 6020 6021 6022 6024 6025 6028 6031
5 6028 6031 6042 6058 6059
7 6020 6021 6028 6029 6030 6040 6042
6 5952 5987 6033 6034 6072 6073
6 5987 6032 6034 6035 6036 6038
5 6032 6033 6035 6043 6072
6 6033 6034 6038 6041 6043 6046
6 5985 5987 6033 6037 6038 6039
6 5985 5993 6036 6039 6106 6107
7 6033 6035 6036 6039 6041 6046 6047
7 6036 6037 6038 6046 6047 6106 6111
7 6020 6031 6041 6042 6043 6044 6046
5 6035 6038 6040 6043 6046
6 6030 6031 6040 6043 6058 6077
7 6034 6035 6040 6041 6042 6072 6077
6 6018 6020 6040 6045 6046 6047
6 6018 6019 6044 6047 6095 6109
7 6035 6038 6039 6040 6041 6044 6047
7 6038 6039 6044 6045 6046 6109 6111
7 5466 5477 6049 6050 6051 6060 6061
6 6048 6050 6052 6055 6061 6062
7 6048 6049 6051 6054 6055 6134 6140
5 5464 5466 6048 6050 6140
5 6049 6053 6055 6057 6062
7 6052 6054 6055 6057 6066 6067 6071
7 6050 6053 6055 6066 6067 6118 6134
5 6049 6050 6052 6053 6054
7 6057 6058 6059 6062 6063 6076 6079
6 6052 6053 6056 6062 6071 6079
6 6030 6042 6056 6059 6076 6077
5 6028 6030 6056 6058 6063
7 5477 5479 5484 6026 6048 6061 6063
6 6026 6048 6049 6060 6062 6063
6 6049 6052 6056 6057 6061 6063
7 6026 6028 6056 6059 6060 6061 6062
6 5939 5963 6065 6069 6113 6114
6 6064 6066 6067 6069 6070 6113
7 6053 6054 6065 6067 6113 6118 6119
6 6053 6054 6065 6066 6070 6071
6 5964 5965 6069 6070 6075 6078
6 5963 5964 6064 6065 6068 6070
7 6065 6067 6068 6069 6071 6078 6079
5 6053 6057 6067 6070 6079
7 6032 6034 6043 6073 6074 6076 6077
6 5952 5954 6032 6072 6074 6075
5 6072 6073 6075 6076 6078
7 5954 5955 5965 6068 6073 6074 6078
7 6056 6058 6072 6074 6077 6078 6079
5 6042 6043 6058 6072 6076
6 6068 6070 6074 6075 6076 6079
6 6056 6057 6070 6071 6076 6078
7 5402 5403 6081 6082 6084 6085 6137
6 6080 6082 6083 6130 6136 6137
7 6080 6081 6083 6085 6086 6088 6090
6 6081 6082 6088 6090 6129 6130
6 5402 5406 5407 5437 6080 6085
6 5437 6080 6082 6084 6086 6087
6 6082 6085 6087 6088 6092 6094
7 5437 5438 5439 6016 6085 6086 6094
7 6082 6083 6086 6089 6090 6092 6093
7 6088 6090 6091 6093 6100 6103 6108
6 6082 6083 6088 6089 6091 6129
6 6089 6090 6102 6103 6124 6129
5 6086 6088 6093 6094 6095
5 6088 6089 6092 6095 6108
6 6016 6019 6086 6087 6092 6095
7 6019 6045 6092 6093 6094 6108 6109
8 6097 6099 6101 6102 6103 6121 6124 6126
6 5909 6096 6098 6099 6120 6121
6 5905 5908 5909 6097 6099 6104
5 6096 6097 6098 6101 6104
6 6089 6101 6103 6105 6108 6110
7 6096 6099 6100 6102 6103 6104 6105
5 6091 6096 6101 6103 6124
7 6089 6091 6096 6100 6101 6102 6108
7 5904 5905 6098 6099 6101 6105 6107
6 6100 6101 6104 6106 6107 6110
6 6037 6039 6105 6107 6110 6111
7 5904 5985 5993 6037 6104 6105 6106
8 6089 6093 6095 6100 6103 6109 6110 6111
5 6045 6047 6095 6108 6111
5 6100 6105 6106 6108 6111
6 6039 6047 6106 6108 6109 6110
6 6113 6115 6116 6119 6122 6127
7 6064 6065 6066 6112 6114 6115 6119
5 5937 5939 6064 6113 6115
5 5937 6112 6113 6114 6122
6 6112 6117 6119 6125 6126 6127
6 6116 6118 6119 6125 6133 6135
6 6054 6066 6117 6119 6134 6135
6 6066 6112 6113 6116 6117 6118
5 5909 5950 6097 6121 6123
7 6096 6097 6120 6122 6123 6126 6127
7 5937 5951 6112 6115 6121 6123 6127
5 5950 5951 6120 6121 6122
7 6091 6096 6102 6125 6126 6128 6129
6 6116 6117 6124 6126 6128 6133
6 6096 6116 6121 6124 6125 6127
5 6112 6116 6121 6122 6126
6 6124 6125 6129 6130 6131 6133
7 6083 6090 6091 6124 6128 6130 6131
7 6081 6083 6128 6129 6131 6136 6142
6 6128 6129 6130 6132 6133 6142
6 6131 6133 6134 6135 6141 6142
6 6117 6125 6128 6131 6132 6135
7 6050 6054 6118 6132 6135 6140 6141
5 6117 6118 6132 6133 6134
5 6081 6130 6137 6139 6142
7 5402 5403 6080 6081 6136 6138 6139
6 5403 5462 5465 5468 6137 6139
6 5465 6136 6137 6138 6142 6143
7 5464 5466 6050 6051 6134 6141 6143
5 6132 6134 6140 6142 6143
7 6130 6131 6132 6136 6139 6141 6143
6 5464 5465 6139 6140 6141 6142
