0 2048 12288
6 1 2 3 4 5 10
6 0 3 8 10 10480 10483
4 0 3 5 7
7 0 1 2 7 10468 10470 10480
7 0 5 10 13 14 24 29
6 0 2 4 6 7 24
6 5 7 23 24 10377 10378
6 2 3 5 6 10378 10470
5 1 9 10 11 10483
6 8 11 72 10442 10443 10483
7 0 1 4 8 11 12 13
7 8 9 10 12 70 72 74
6 10 11 13 15 70 71
5 4 10 12 14 15
7 4 13 15 28 29 30 31
6 12 13 14 30 68 71
6 17 19 22 26 43 52
5 16 26 27 37 43
6 19 20 21 55 10404 10406
6 16 18 21 22 52 55
6 18 21 23 10377 10383 10404
5 18 19 20 22 23
7 16 19 21 23 24 25 26
6 6 20 21 22 24 10377
7 4 5 6 22 23 25 29
4 22 24 26 29
7 16 17 22 25 27 28 29
4 17 26 28 37
7 14 26 27 29 31 37 39
6 4 14 24 25 26 28
6 14 15 31 38 68 83
5 14 28 30 38 39
5 33 34 38 88 90
6 32 34 35 36 38 39
7 32 33 35 88 89 143 241
5 33 34 36 45 143
6 33 35 37 39 45 47
7 17 27 28 36 39 43 47
7 30 31 32 33 39 83 90
6 28 31 33 36 37 38
7 41 44 46 62 131 140 141
6 40 42 46 50 51 62
6 41 43 46 47 50 53
7 16 17 37 42 47 52 53
7 40 45 46 47 141 142 143
5 35 36 44 47 143
5 40 41 42 44 47
7 36 37 42 43 44 45 46
7 49 50 51 53 54 56 60
5 48 54 56 57 10415
5 41 42 48 51 53
6 41 48 50 60 62 63
6 16 19 43 53 54 55
6 42 43 48 50 52 54
7 48 49 52 53 55 10408 10415
6 18 19 52 54 10406 10408
7 48 49 57 58 59 60 61
5 49 56 59 10414 10415
6 56 59 61 126 127 171
7 56 57 58 120 127 10412 10414
6 48 51 56 61 63 132
5 56 58 60 132 171
6 40 41 51 63 131 132
4 51 60 62 132
5 65 67 69 70 71
6 64 66 67 70 75 79
7 65 67 78 79 84 105 106
6 64 65 66 69 80 84
6 15 30 69 71 82 83
6 64 67 68 71 80 82
7 11 12 64 65 71 74 75
6 12 15 64 68 69 70
7 9 11 73 74 75 10441 10443
5 72 75 77 10441 10463
4 11 70 72 75
8 65 70 72 73 74 77 78 79
6 77 78 114 115 10457 10462
6 73 75 76 78 10462 10463
7 66 75 76 77 79 106 114
4 65 66 75 78
6 67 69 81 82 84 85
7 80 82 83 85 90 91 94
5 68 69 80 81 83
6 30 38 68 81 82 90
7 66 67 80 85 87 100 105
6 80 81 84 86 87 94
6 85 87 92 94 194 254
7 84 85 86 100 101 102 194
5 32 34 89 90 91
6 34 88 91 93 241 245
6 32 38 81 83 88 91
7 81 88 89 90 93 94 95
6 86 93 94 95 253 254
8 89 91 92 95 244 245 252 253
6 81 85 86 91 92 95
4 91 92 93 94
5 97 100 101 104 111
7 96 98 99 101 103 108 111
6 97 99 108 109 161 165
6 97 98 103 160 161 204
6 84 87 96 101 104 105
6 87 96 97 100 102 103
5 87 101 103 194 195
7 97 99 101 102 195 204 207
6 96 100 105 106 107 111
5 66 84 100 104 106
7 66 78 104 105 107 113 114
5 104 106 110 111 113
8 97 98 109 110 111 119 124 125
5 98 108 124 165 166
5 107 108 111 113 119
6 96 97 104 107 108 110
5 113 114 115 117 118
7 106 107 110 112 114 118 119
6 76 78 106 112 113 115
6 76 112 114 117 10456 10457
6 117 118 121 123 10424 10429
6 112 115 116 118 10429 10456
6 112 113 116 117 119 123
6 108 110 113 118 123 125
5 59 121 122 127 10412
7 116 120 122 123 10412 10424 10425
5 120 121 123 125 127
6 116 118 119 121 122 125
6 108 109 125 126 166 167
7 108 119 122 123 124 126 127
6 58 124 125 127 167 171
6 58 59 120 122 125 126
7 129 130 135 136 137 152 153
5 128 130 131 133 135
5 128 129 131 136 140
7 40 62 129 130 132 133 140
8 60 61 62 63 131 133 170 171
5 129 131 132 135 170
7 135 152 154 168 170 174 175
6 128 129 133 134 152 170
6 128 130 137 138 140 142
5 128 136 138 144 153
7 136 137 139 142 144 145 146
5 138 142 146 242 243
6 40 130 131 136 141 142
4 40 44 140 142
9 44 136 138 139 140 141 143 241 243
6 34 35 44 45 142 241
6 137 138 145 149 153 156
6 138 144 146 147 148 149
6 138 139 145 147 238 242
6 145 146 148 232 238 239
6 145 147 149 150 151 232
6 144 145 148 150 156 158
8 148 149 151 158 159 457 459 460
5 148 150 232 458 459
7 128 134 135 153 154 155 156
5 128 137 144 152 156
5 134 152 155 175 179
6 152 154 156 157 179 180
7 144 149 152 153 155 157 158
7 155 156 158 159 180 181 385
5 149 150 156 157 159
6 150 157 158 385 386 460
6 99 161 162 190 204 205
5 98 99 160 162 165
6 160 161 163 164 165 190
6 162 164 172 173 189 190
6 162 163 165 166 169 173
6 98 109 161 162 164 166
6 109 124 164 165 167 169
5 124 126 166 169 171
6 134 169 170 171 173 174
6 164 166 167 168 171 173
6 132 133 134 135 168 171
8 58 61 126 132 167 168 169 170
6 163 173 174 175 178 189
6 163 164 168 169 172 174
5 134 168 172 173 175
6 134 154 172 174 178 179
5 177 178 179 181 188
7 176 181 182 183 186 187 188
6 172 175 176 179 188 189
7 154 155 175 176 178 180 181
4 155 157 179 181
7 157 176 177 179 180 182 385
5 177 181 183 384 385
6 177 182 187 384 392 393
6 185 186 187 191 220 221
6 184 191 200 201 221 222
5 177 184 187 188 191
6 177 183 184 186 220 393
7 176 177 178 186 189 190 191
5 163 172 178 188 190
8 160 162 163 188 189 191 201 205
6 184 185 186 188 190 201
7 193 194 195 196 197 198 255
6 192 195 198 199 206 207
7 86 87 102 192 195 254 255
6 102 103 192 193 194 207
6 192 197 212 213 249 255
5 192 196 198 211 213
6 192 193 197 199 210 211
7 193 198 202 203 206 210 218
5 185 201 202 203 222
6 185 190 191 200 202 205
6 199 200 201 203 205 206
6 199 200 202 218 219 222
6 99 103 160 205 206 207
6 160 190 201 202 204 206
6 193 199 202 204 205 207
5 103 193 195 204 206
7 209 210 216 217 219 418 486
6 208 210 211 214 486 487
7 198 199 208 209 211 218 219
6 197 198 209 210 213 214
7 196 213 214 215 230 248 249
5 196 197 211 212 214
7 209 211 212 213 215 481 487
5 212 214 230 480 481
7 208 217 223 418 419 424 425
4 208 216 219 223
4 199 203 210 219
7 203 208 210 217 218 222 223
6 184 187 221 393 396 397
6 184 185 220 222 223 397
6 185 200 203 219 221 223
7 216 217 219 221 222 397 425
6 225 226 227 228 231 488
6 224 226 228 229 234 236
7 224 225 227 234 235 451 495
5 224 226 488 489 495
7 224 225 229 231 248 250 251
6 225 228 236 237 247 250
6 212 215 231 248 480 488
5 224 228 230 248 488
7 147 148 151 233 239 450 458
5 232 234 235 239 450
6 225 226 233 235 236 239
5 226 233 234 450 451
5 225 229 234 237 239
7 229 236 238 239 242 246 247
5 146 147 237 239 242
7 147 232 233 234 236 237 238
5 241 242 243 245 246
7 34 89 142 143 240 243 245
7 139 146 237 238 240 243 246
5 139 142 240 241 242
6 93 245 246 247 250 252
6 89 93 240 241 244 246
6 237 240 242 244 245 247
5 229 237 244 246 250
6 212 228 230 231 249 251
5 196 212 248 251 255
6 228 229 244 247 251 252
7 228 248 249 250 252 253 255
5 93 244 250 251 253
6 92 93 251 252 254 255
5 86 92 194 253 255
7 192 194 196 249 251 253 254
6 257 259 261 262 265 268
5 256 259 268 275 282
7 259 263 280 281 282 288 318
6 256 257 258 262 263 282
7 261 262 264 314 315 441 444
5 256 260 262 264 265
6 256 259 260 261 263 314
5 258 259 262 314 318
6 260 261 265 267 444 445
6 256 261 264 267 268 270
6 267 270 374 496 497 505
6 264 265 266 270 445 497
6 256 257 265 269 270 275
6 268 270 271 272 273 275
7 265 266 267 268 269 271 374
6 269 270 273 368 369 374
5 269 273 274 275 276
7 269 271 272 276 277 354 368
6 272 275 276 279 283 286
7 257 268 269 272 274 282 283
6 272 273 274 277 278 279
6 273 276 278 354 355 358
8 276 277 279 358 860 887 890 891
6 274 276 278 286 287 860
6 258 281 284 288 289 293
6 258 280 282 283 284 285
6 257 258 259 275 281 283
6 274 275 281 282 285 286
5 280 281 285 293 863
8 281 283 284 286 287 861 862 863
5 274 279 283 285 287
5 279 285 286 860 861
7 258 280 289 290 291 318 319
5 280 288 291 292 293
6 288 291 300 306 317 319
8 288 289 290 292 294 295 300 301
5 289 291 293 294 850
6 280 284 289 292 850 863
6 291 292 295 780 850 855
6 291 294 301 302 780 781
7 297 298 299 304 340 341 343
5 296 298 300 304 307
8 296 297 299 300 301 303 768 783
4 296 298 343 768
7 290 291 297 298 301 306 307
6 291 295 298 300 302 303
5 295 301 303 781 783
4 298 301 302 783
6 296 297 305 307 326 341
6 304 307 308 311 326 327
5 290 300 307 308 317
6 297 300 304 305 306 308
8 305 306 307 309 310 311 316 317
6 308 310 313 316 435 436
6 308 309 311 323 434 435
6 305 308 310 322 323 327
6 313 314 315 316 318 437
5 309 312 316 436 437
6 260 262 263 312 315 318
6 260 312 314 437 440 441
7 308 309 312 313 317 318 319
5 290 306 308 316 319
7 258 263 288 312 314 316 319
5 288 290 316 317 318
4 321 323 329 401
6 320 322 323 324 327 329
4 311 321 323 327
8 310 311 320 321 322 400 401 434
5 321 325 327 329 330
6 324 327 330 348 349 350
5 304 305 327 341 348
8 305 311 321 322 324 325 326 348
6 329 330 331 409 410 473
7 320 321 324 328 330 401 410
7 324 325 328 329 331 334 350
6 328 330 332 334 473 475
6 331 333 334 335 474 475
7 332 335 376 377 379 471 474
5 330 331 332 335 350
6 332 333 334 344 350 379
6 337 338 339 342 819 821
5 336 339 346 819 827
7 336 339 340 341 342 348 349
7 336 337 338 346 347 349 351
5 296 338 341 342 343
6 296 304 326 338 340 348
6 336 338 340 343 769 821
6 296 299 340 342 768 769
6 335 345 350 351 361 379
6 344 347 351 361 366 367
6 337 339 347 367 826 827
5 339 345 346 351 367
6 325 326 327 338 341 349
6 325 338 339 348 350 351
7 325 330 334 335 344 349 351
6 339 344 345 347 349 350
6 353 354 355 357 368 371
5 352 357 362 371 382
5 273 277 352 355 368
6 277 352 354 357 358 359
7 357 359 363 364 829 880 886
7 352 353 355 356 359 362 363
6 277 278 355 359 886 887
5 355 356 357 358 886
6 361 362 363 378 379 382
6 344 345 360 363 366 379
5 353 357 360 363 382
8 356 357 360 361 362 364 365 366
5 356 363 365 828 829
6 363 364 366 367 826 828
5 345 361 363 365 367
6 345 346 347 365 366 826
7 271 273 352 354 369 370 371
5 271 368 370 374 375
7 368 369 371 373 375 382 383
5 352 353 368 370 382
6 373 375 381 504 505 507
5 370 372 375 381 383
6 266 270 271 369 375 505
6 369 370 372 373 374 505
5 333 377 380 470 471
6 333 376 378 379 380 383
5 360 377 379 382 383
7 333 335 344 360 361 377 378
6 376 377 381 383 469 470
6 372 373 380 383 469 507
7 353 360 362 370 371 378 383
7 370 373 377 378 380 381 382
7 182 183 385 387 388 389 392
7 157 159 181 182 384 386 387
4 159 385 387 460
8 384 385 386 388 391 460 461 463
5 384 387 389 390 391
6 384 388 390 392 394 413
5 388 389 391 413 414
5 387 388 390 414 463
6 183 384 389 393 394 395
6 183 187 220 392 395 396
6 389 392 395 406 407 413
7 392 393 394 396 398 399 407
5 220 393 395 397 399
6 220 221 223 396 399 425
6 395 399 405 407 426 428
6 395 396 397 398 425 426
5 323 401 403 433 434
8 320 323 329 400 402 403 410 411
5 401 403 404 406 411
5 400 401 402 404 433
7 402 403 405 406 407 429 433
5 398 404 407 428 429
7 394 402 404 407 411 412 413
6 394 395 398 404 405 406
6 409 411 412 415 472 478
6 328 408 410 411 472 473
5 328 329 401 409 411
7 401 402 406 408 409 410 412
6 406 408 411 413 414 415
6 389 390 394 406 412 414
7 390 391 412 413 415 463 479
5 408 412 414 478 479
6 417 418 419 420 422 485
6 416 418 419 420 427 430
7 208 216 416 417 419 485 486
6 216 416 417 418 424 427
7 416 417 421 422 423 430 443
4 420 430 438 443
5 416 420 423 484 485
6 420 422 443 446 484 500
5 216 419 425 426 427
6 216 223 397 399 424 426
6 398 399 424 425 427 428
7 417 419 424 426 428 430 431
6 398 405 426 427 429 431
6 404 405 428 431 432 433
7 417 420 421 427 431 438 439
6 427 428 429 430 432 439
7 429 431 433 434 435 436 439
6 400 403 404 429 432 434
6 310 323 400 432 433 435
5 309 310 432 434 436
7 309 313 432 435 437 438 439
6 312 313 315 436 438 440
7 421 430 436 437 439 440 443
5 430 431 432 436 438
6 315 437 438 441 442 443
5 260 315 440 442 444
5 440 441 443 444 446
7 420 421 423 438 440 442 446
7 260 264 441 442 445 446 447
5 264 267 444 447 497
6 423 442 443 444 447 500
6 444 445 446 497 500 501
6 449 452 453 466 492 511
6 448 450 451 453 458 492
6 232 233 235 449 451 458
7 226 235 449 450 492 493 495
4 448 453 455 466
7 448 449 452 454 455 456 458
6 453 455 456 462 476 479
6 452 453 454 464 466 476
7 453 454 457 458 459 461 462
5 150 456 459 460 461
7 151 232 449 450 453 456 459
5 150 151 456 457 458
6 150 159 386 387 457 461
6 387 456 457 460 462 463
5 454 456 461 463 479
6 387 391 414 461 462 479
6 455 465 466 467 468 476
6 464 468 471 474 476 477
7 448 452 455 464 467 510 511
5 464 466 468 469 510
6 464 465 467 469 470 471
7 380 381 467 468 470 507 510
5 376 380 468 469 471
6 333 376 465 468 470 474
6 408 409 473 475 477 478
5 328 331 409 472 475
6 332 333 465 471 475 477
6 331 332 472 473 474 477
6 454 455 464 465 477 479
7 465 472 474 475 476 478 479
5 408 415 472 477 479
8 414 415 454 462 463 476 477 478
6 215 230 481 482 488 491
7 214 215 480 482 483 484 487
6 480 481 483 490 491 503
5 481 482 484 500 503
7 422 423 481 483 485 487 500
6 416 418 422 484 486 487
5 208 209 418 485 487
6 209 214 481 484 485 486
7 224 227 230 231 480 489 491
5 227 488 491 494 495
6 482 491 494 499 503 509
6 480 482 488 489 490 494
6 448 449 451 493 509 511
5 451 492 494 495 509
6 489 490 491 493 495 509
6 226 227 451 489 493 494
6 266 497 498 501 502 505
6 266 267 445 447 496 501
6 496 499 502 505 506 508
6 490 498 502 503 508 509
7 423 446 447 483 484 501 503
6 447 496 497 500 502 503
5 496 498 499 501 503
7 482 483 490 499 500 501 502
4 372 505 506 507
8 266 372 374 375 496 498 504 506
6 498 504 505 507 508 510
6 372 381 469 504 506 510
6 498 499 506 509 510 511
7 490 492 493 494 499 508 511
7 466 467 469 506 507 508 511
6 448 466 492 508 509 510
8 513 514 518 519 521 524 532 533
5 512 514 533 539 543
6 512 513 515 519 542 543
5 514 519 542 582 583
5 517 518 525 596 598
5 516 525 596 717 742
6 512 516 519 524 525 598
7 512 514 515 518 582 598 599
6 521 522 523 524 526 532
4 512 520 524 532
5 520 523 526 561 566
6 520 522 532 534 560 561
6 512 518 520 521 525 526
8 516 517 518 524 526 527 742 743
7 520 522 524 525 527 566 567
6 525 526 567 743 745 751
7 529 531 533 535 536 537 538
5 528 530 531 535 559
5 529 531 559 1041 1049
6 528 529 530 537 1049 1055
6 512 520 521 523 533 534
8 512 513 528 532 534 535 538 539
6 523 532 533 535 556 560
7 528 529 533 534 556 557 559
5 528 537 538 540 1104
5 528 531 536 1055 1104
6 528 533 536 539 540 543
4 513 533 538 543
6 536 538 541 543 1104 1106
6 540 542 543 576 578 1106
6 514 515 541 543 578 583
7 513 514 538 539 540 541 542
6 545 547 548 552 554 555
7 544 547 552 553 568 574 575
5 547 549 568 569 610
6 544 545 546 548 549 568
6 544 547 549 550 551 554
6 546 547 548 551 609 610
5 548 551 554 1056 1069
6 548 549 550 609 624 1069
6 544 545 553 555 556 557
6 545 552 556 560 562 575
6 544 548 550 555 1056 1058
6 544 552 554 557 558 1058
6 534 535 552 553 557 560
6 535 552 555 556 558 559
6 555 557 559 1040 1058 1059
7 529 530 535 557 558 1040 1041
6 523 534 553 556 561 562
7 522 523 560 562 563 564 566
5 553 560 561 563 575
6 561 562 564 565 572 575
7 561 563 565 566 567 745 747
6 563 564 572 672 673 747
5 522 526 561 564 567
5 526 527 564 566 745
7 545 546 547 569 570 571 574
6 546 568 571 610 612 613
6 568 571 573 574 675 683
5 568 569 570 613 683
6 563 565 573 575 672 675
5 570 572 574 575 675
5 545 568 570 573 575
7 545 553 562 563 572 573 574
6 541 577 578 1106 1107 1113
6 576 578 579 584 1112 1113
6 541 542 576 577 579 583
7 577 578 580 583 584 585 590
6 579 581 582 583 590 591
5 580 582 591 592 605
7 515 519 580 581 583 592 599
6 515 542 578 579 580 582
6 577 579 585 587 1112 1117
6 579 584 586 587 588 590
6 585 587 588 635 638 639
6 584 585 586 638 1116 1117
6 585 586 589 590 591 635
6 588 591 604 606 634 635
5 579 580 585 588 591
7 580 581 588 589 590 604 605
5 581 582 593 599 605
6 592 594 595 599 602 605
4 593 595 602 709
6 593 594 597 599 709 711
6 516 517 597 598 717 718
6 595 596 598 599 711 718
6 516 518 519 596 597 599
7 519 582 592 593 595 597 598
6 601 603 607 616 618 619
5 600 603 618 668 669
6 593 594 603 605 668 709
7 600 601 602 604 605 607 668
6 589 591 603 605 606 607
7 581 591 592 593 602 603 604
5 589 604 607 616 634
5 600 603 604 606 616
8 609 610 611 620 621 623 625 627
6 549 551 608 610 624 625
7 546 549 569 608 609 611 612
5 608 610 612 615 623
6 569 610 611 613 614 615
7 569 571 612 614 657 681 683
5 612 613 615 657 663
6 611 612 614 622 623 663
7 600 606 607 617 619 633 634
5 616 619 620 621 633
5 600 601 619 662 669
8 600 616 617 618 621 622 623 662
6 608 617 621 626 627 633
5 608 617 619 620 623
5 615 619 623 662 663
6 608 611 615 619 621 622
6 551 609 625 628 1068 1069
6 608 609 624 627 628 629
5 620 627 631 632 633
6 608 620 625 626 629 631
6 624 625 629 630 1065 1068
5 625 627 628 630 631
8 628 629 631 636 637 1065 1137 1142
6 626 627 629 630 632 636
6 626 631 633 634 635 636
6 616 617 620 626 632 634
6 589 606 616 632 633 635
7 586 588 589 632 634 636 639
7 630 631 632 635 637 638 639
4 630 636 638 1137
8 586 587 636 637 639 1116 1137 1139
4 586 635 636 638
6 641 642 646 647 912 913
6 640 642 728 729 913 926
7 640 641 643 647 655 705 728
5 642 654 655 665 705
6 645 647 649 653 690 691
5 644 646 647 690 933
6 640 645 647 912 932 933
7 640 642 644 645 646 653 655
8 649 650 651 652 653 687 694 695
5 644 648 653 691 695
6 648 651 652 656 658 659
5 648 650 656 680 687
6 648 650 653 654 655 658
6 644 647 648 649 652 655
7 643 652 655 658 665 666 667
6 642 643 647 652 653 654
6 650 651 657 659 680 681
6 613 614 656 659 663 681
7 650 652 654 659 660 661 667
6 650 656 657 658 660 663
5 658 659 661 662 663
6 658 660 662 667 669 670
7 618 619 622 660 661 663 669
7 614 615 622 657 659 660 662
5 665 666 671 707 708
6 643 654 664 666 705 707
6 654 664 665 667 670 671
5 654 658 661 666 670
7 601 602 603 669 671 708 709
7 601 618 661 662 668 670 671
5 661 666 667 669 671
6 664 666 668 669 670 708
5 565 572 673 674 675
5 565 672 674 679 747
7 672 673 675 676 678 679 685
8 570 572 573 672 674 682 683 685
5 674 677 678 685 686
6 676 678 686 700 702 703
6 674 676 677 679 700 758
6 673 674 678 746 747 758
6 651 656 681 682 684 687
6 613 656 657 680 682 683
6 675 680 681 683 684 685
6 570 571 613 675 681 682
5 680 682 685 686 687
6 674 675 676 682 684 686
7 676 677 684 685 687 693 702
7 648 651 680 684 686 693 694
5 689 691 692 695 697
7 688 690 691 696 697 940 942
6 644 645 689 691 933 940
6 644 649 688 689 690 695
7 688 693 694 695 697 698 702
5 686 687 692 694 702
5 648 687 692 693 695
6 648 649 688 691 692 694
6 689 697 699 942 992 994
6 688 689 692 696 698 699
6 692 697 699 701 702 703
6 696 697 698 701 994 1002
8 677 678 701 703 752 753 758 759
6 698 699 700 703 752 1002
6 677 686 692 693 698 703
5 677 698 700 701 702
6 705 706 707 728 730 731
6 642 643 665 704 707 728
6 704 707 710 712 713 730
7 664 665 704 705 706 708 710
6 664 668 671 707 709 710
7 594 595 602 668 708 710 711
6 706 707 708 709 711 712
7 595 597 709 710 712 718 719
6 706 710 711 713 715 719
6 706 712 715 726 727 730
5 715 716 724 726 741
6 712 713 714 716 719 726
8 714 715 717 718 719 740 741 742
5 517 596 716 718 742
6 596 597 711 716 717 719
5 711 712 715 716 718
7 721 722 723 761 763 967 972
5 720 723 733 966 967
6 720 723 725 738 760 761
7 720 721 722 725 727 732 733
7 714 725 726 727 738 739 741
5 722 723 724 727 738
5 713 714 715 724 727
8 713 723 724 725 726 730 732 734
6 641 642 704 705 729 731
6 641 728 731 735 926 927
6 704 706 713 727 731 734
6 704 728 729 730 734 735
5 723 727 733 734 735
6 721 723 732 735 964 966
5 727 730 731 732 735
8 729 731 732 733 734 924 927 964
5 737 738 739 748 767
7 736 739 740 741 748 750 751
7 722 724 725 736 739 760 767
5 724 736 737 738 741
6 716 737 741 742 743 751
6 714 716 724 737 739 740
6 517 525 716 717 740 743
5 525 527 740 742 751
6 745 746 747 749 750 751
6 527 564 567 744 747 751
6 679 744 747 749 757 758
7 564 565 673 679 744 745 746
7 736 737 749 750 756 766 767
6 744 746 748 750 756 757
5 737 744 748 749 751
7 527 737 740 743 744 745 750
6 700 701 753 755 1001 1002
7 700 752 754 755 756 757 759
5 753 755 756 765 766
5 752 753 754 765 1001
6 748 749 753 754 757 766
6 746 749 753 756 758 759
6 678 679 700 746 757 759
4 700 753 757 758
5 722 738 761 764 767
6 720 722 760 762 763 764
6 761 763 764 968 969 975
5 720 761 762 972 975
7 760 761 762 765 766 767 968
7 754 755 764 766 968 1001 1006
6 748 754 756 764 765 767
6 736 738 748 760 764 766
7 298 299 343 769 770 771 783
6 342 343 768 770 820 821
6 768 769 771 774 820 823
6 768 770 773 774 782 783
6 773 775 777 790 795 797
6 771 772 774 775 777 782
5 770 771 773 775 823
8 772 773 774 796 797 810 811 823
5 777 778 779 790 791
6 772 773 776 779 782 790
7 776 779 780 788 791 853 854
6 776 777 778 780 781 782
7 294 295 778 779 781 854 855
6 295 302 779 780 782 783
6 771 773 777 779 781 783
7 298 302 303 768 771 781 782
5 785 787 793 944 1010
7 784 787 789 790 791 793 794
4 787 846 847 1008
8 784 785 786 789 842 847 1008 1010
6 778 789 791 843 852 853
6 785 787 788 791 842 843
7 772 776 777 785 791 794 795
6 776 778 785 788 789 790
6 793 794 798 945 948 949
6 784 785 792 794 944 945
6 785 790 792 793 795 798
5 772 790 794 797 798
5 775 797 799 811 815
6 772 775 795 796 798 799
6 792 794 795 797 799 948
7 796 797 798 815 948 954 955
7 801 802 803 804 805 865 870
6 800 802 824 830 831 870
8 800 801 803 808 809 816 817 824
4 800 802 804 808
6 800 803 805 807 808 812
6 800 804 806 807 864 865
5 805 807 864 902 907
7 804 805 806 812 813 906 907
6 802 803 804 809 812 814
7 802 808 810 811 814 817 822
5 775 809 811 822 823
6 775 796 809 810 814 815
5 804 807 808 813 814
5 807 812 814 906 952
8 808 809 811 812 813 815 952 955
5 796 799 811 814 955
5 802 817 818 824 825
5 802 809 816 818 822
8 816 817 819 820 821 822 825 827
5 336 337 818 821 827
6 769 770 818 821 822 823
6 336 342 769 818 819 820
6 809 810 817 818 820 823
6 770 774 775 810 820 822
5 801 802 816 825 831
7 816 818 824 826 827 828 831
6 346 365 367 825 827 828
6 337 346 818 819 825 826
6 364 365 825 826 829 831
7 356 364 828 830 831 880 881
7 801 829 831 870 871 881 883
6 801 824 825 828 829 830
5 833 834 835 838 879
6 832 834 857 879 894 895
7 832 833 835 840 848 857 858
6 832 834 836 838 840 844
6 835 837 838 839 844 845
6 836 839 845 989 1016 1019
5 832 835 836 839 879
9 836 837 838 876 877 879 978 988 989
7 834 835 841 842 844 848 849
5 840 842 843 849 852
7 787 789 840 841 843 844 847
5 788 789 841 842 852
7 835 836 840 842 845 846 847
5 836 837 844 846 1016
7 786 844 845 847 1008 1016 1017
5 786 787 842 844 846
6 834 840 849 851 858 859
7 840 841 848 851 852 853 854
7 292 293 294 851 854 855 863
6 848 849 850 854 859 863
5 788 841 843 849 853
5 778 788 849 852 854
7 778 780 849 850 851 853 855
4 294 780 850 854
7 857 858 859 860 861 862 889
6 833 834 856 858 889 894
5 834 848 856 857 859
6 848 851 856 858 862 863
7 278 279 287 856 861 889 891
5 285 287 856 860 862
5 285 856 859 861 863
7 284 285 293 850 851 859 862
6 805 806 865 866 867 902
5 800 805 864 867 870
6 864 867 873 875 900 902
7 864 865 866 868 869 870 875
6 867 869 870 871 882 893
6 867 868 874 875 892 893
7 800 801 830 865 867 868 871
5 830 868 870 882 883
7 873 875 876 877 976 977 978
5 866 872 875 900 976
5 869 875 876 878 892
7 866 867 869 872 873 874 876
7 839 872 874 875 877 878 879
4 839 872 876 978
5 874 876 879 892 895
7 832 833 838 839 876 878 895
6 356 829 881 883 885 886
4 829 830 880 883
6 868 871 883 884 885 893
6 830 871 880 881 882 885
6 882 885 887 888 890 893
6 880 882 883 884 886 887
6 356 358 359 880 885 887
6 278 358 884 885 886 890
5 884 889 890 891 893
7 856 857 860 888 891 893 894
5 278 884 887 888 891
5 278 860 888 889 890
6 869 874 878 893 894 895
8 868 869 882 884 888 889 892 894
6 833 857 889 892 893 895
5 833 878 879 892 894
6 897 901 903 904 908 910
6 896 898 899 901 910 911
6 897 899 900 901 976 982
8 897 898 911 920 922 963 982 983
6 866 873 898 901 902 976
6 896 897 898 900 902 903
7 806 864 866 900 901 903 907
5 896 901 902 904 907
5 896 903 905 907 908
7 904 906 907 908 916 953 956
6 807 813 905 907 952 953
7 806 807 902 903 904 905 906
6 896 904 905 909 910 916
4 908 910 916 919
7 896 897 908 909 911 919 921
5 897 899 910 920 921
5 640 646 913 915 932
7 640 641 912 914 915 925 926
6 913 915 917 918 919 925
7 912 913 914 917 928 932 935
7 905 908 909 917 919 956 957
6 914 915 916 919 928 957
4 914 919 921 925
7 909 910 914 916 917 918 921
7 899 911 921 922 923 924 925
6 910 911 918 919 920 925
5 899 920 923 963 965
5 920 922 924 964 965
6 735 920 923 925 927 964
8 913 914 918 920 921 924 926 927
5 641 729 913 925 927
5 729 735 924 925 926
5 915 917 929 935 957
6 928 930 931 934 935 957
5 929 931 934 937 941
6 929 930 936 937 957 958
5 646 912 915 933 935
7 645 646 690 932 934 935 940
6 929 930 933 935 940 941
6 915 928 929 932 933 934
6 931 937 938 950 951 958
7 930 931 936 938 939 941 943
7 936 937 939 947 951 998 999
5 937 938 943 993 999
6 689 690 933 934 941 942
6 930 934 937 940 942 943
7 689 696 940 941 943 992 993
5 937 939 941 942 993
7 784 793 945 946 947 1010 1011
5 792 793 944 946 949
5 944 945 947 949 951
7 938 944 946 951 998 1011 1014
6 792 798 799 949 950 954
6 792 945 946 948 950 951
6 936 948 949 951 954 958
6 936 938 946 947 949 950
5 813 814 906 953 955
6 905 906 952 955 956 959
6 799 948 950 955 958 959
7 799 814 815 952 953 954 959
5 905 916 953 957 959
8 916 917 928 929 931 956 958 959
6 931 936 950 954 957 959
6 953 954 955 956 957 958
6 961 973 974 981 986 991
5 960 962 967 973 981
6 961 963 965 967 981 983
5 899 922 962 965 983
6 733 735 923 924 965 966
7 922 923 962 963 964 966 967
5 721 733 964 965 967
8 720 721 961 962 965 966 972 973
6 762 764 765 969 970 1006
5 762 968 970 974 975
8 968 969 971 974 975 1006 1007 1022
5 970 974 985 986 1022
5 720 763 967 973 975
6 960 961 967 972 974 975
7 960 969 970 971 973 975 986
7 762 763 969 970 972 973 974
6 872 873 898 900 977 982
6 872 976 978 979 980 982
7 839 872 877 977 979 988 990
4 977 978 980 990
6 977 979 981 982 990 991
7 960 961 962 980 982 983 991
7 898 899 976 977 980 981 983
5 899 962 963 981 982
6 985 987 988 989 1018 1019
7 971 984 986 987 1018 1022 1023
6 960 971 974 985 987 991
6 984 985 986 988 990 991
6 839 978 984 987 989 990
5 837 839 984 988 1019
6 978 979 980 987 988 991
6 960 980 981 986 987 990
5 696 942 993 994 995
6 939 942 943 992 995 999
6 696 699 992 995 1002 1003
7 992 993 994 996 997 999 1003
6 995 997 1000 1003 1005 1012
6 995 996 998 999 1012 1014
5 938 947 997 999 1014
6 938 939 993 995 997 998
7 996 1001 1002 1003 1004 1005 1007
7 752 755 765 1000 1002 1006 1007
7 699 701 752 994 1000 1001 1003
5 994 995 996 1000 1002
5 1000 1005 1007 1020 1022
5 996 1000 1004 1012 1020
5 765 968 970 1001 1007
6 970 1000 1001 1004 1006 1022
7 786 787 846 1009 1010 1011 1017
6 1008 1011 1013 1015 1017 1021
5 784 787 944 1008 1011
7 944 947 1008 1009 1010 1014 1015
7 996 997 1005 1013 1014 1015 1020
5 1009 1012 1015 1020 1021
6 947 997 998 1011 1012 1015
5 1009 1011 1012 1013 1014
7 837 845 846 1017 1018 1019 1023
6 846 1008 1009 1016 1021 1023
5 984 985 1016 1019 1023
5 837 984 989 1016 1018
7 1004 1005 1012 1013 1021 1022 1023
5 1009 1013 1017 1020 1023
7 970 971 985 1004 1007 1020 1023
7 985 1016 1017 1018 1020 1021 1022
6 1025 1026 1028 1029 1031 1094
6 1024 1026 1027 1053 1094 1095
7 1024 1025 1027 1030 1031 1034 1035
6 1025 1026 1034 1050 1052 1053
5 1024 1029 1031 1230 1231
7 1024 1028 1088 1089 1094 1228 1231
5 1026 1031 1035 1038 1039
6 1024 1026 1028 1030 1038 1230
6 1033 1037 1045 1079 1082 1083
6 1032 1034 1035 1036 1037 1045
7 1026 1027 1033 1035 1044 1045 1050
6 1026 1030 1033 1034 1036 1039
5 1033 1035 1037 1039 1243
7 1032 1033 1036 1081 1082 1243 1258
5 1030 1031 1039 1230 1244
7 1030 1035 1036 1038 1243 1244 1245
6 558 559 1041 1042 1043 1059
6 530 559 1040 1043 1048 1049
6 1040 1043 1046 1059 1062 1063
6 1040 1041 1042 1046 1047 1048
5 1034 1045 1046 1047 1050
7 1032 1033 1034 1044 1046 1078 1079
7 1042 1043 1044 1045 1047 1063 1078
6 1043 1044 1046 1048 1050 1051
5 1041 1043 1047 1049 1051
7 530 531 1041 1048 1051 1054 1055
6 1027 1034 1044 1047 1051 1052
6 1047 1048 1049 1050 1052 1054
5 1027 1050 1051 1053 1054
7 1025 1027 1052 1054 1095 1110 1111
7 1049 1051 1052 1053 1055 1105 1110
6 531 537 1049 1054 1104 1105
5 550 554 1057 1058 1069
6 1056 1058 1059 1060 1062 1069
6 554 555 558 1056 1057 1059
6 558 1040 1042 1057 1058 1062
5 1057 1061 1062 1069 1071
6 1060 1062 1063 1071 1077 1078
6 1042 1057 1059 1060 1061 1063
5 1042 1046 1061 1062 1078
5 1065 1066 1067 1142 1143
7 628 630 1064 1066 1068 1070 1142
7 1064 1065 1067 1070 1071 1074 1075
5 1064 1066 1075 1121 1143
5 624 628 1065 1069 1070
9 550 551 624 1056 1057 1060 1068 1070 1071
5 1065 1066 1068 1069 1071
7 1060 1061 1066 1069 1070 1074 1077
5 1073 1074 1075 1121 1127
7 1072 1074 1076 1084 1085 1086 1127
7 1066 1071 1072 1073 1075 1076 1077
5 1066 1067 1072 1074 1121
5 1073 1074 1077 1079 1084
6 1061 1071 1074 1076 1078 1079
6 1045 1046 1061 1063 1077 1079
7 1032 1045 1076 1077 1078 1083 1084
6 1081 1083 1085 1087 1257 1258
5 1037 1080 1082 1083 1258
4 1032 1037 1081 1083
7 1032 1079 1080 1081 1082 1084 1085
5 1073 1076 1079 1083 1085
6 1073 1080 1083 1084 1086 1087
6 1073 1085 1087 1125 1127 1250
5 1080 1085 1086 1250 1257
6 1029 1089 1090 1091 1092 1094
6 1029 1088 1090 1156 1158 1228
7 1088 1089 1091 1102 1103 1156 1157
5 1088 1090 1092 1096 1102
5 1088 1091 1093 1094 1096
7 1092 1094 1095 1096 1097 1108 1109
7 1024 1025 1029 1088 1092 1093 1095
6 1025 1053 1093 1094 1108 1111
6 1091 1092 1093 1097 1099 1102
7 1093 1096 1098 1099 1109 1115 1119
5 1097 1099 1119 1146 1147
6 1096 1097 1098 1101 1102 1147
6 1101 1103 1130 1131 1160 1161
6 1099 1100 1102 1103 1130 1147
6 1090 1091 1096 1099 1101 1103
6 1090 1100 1101 1102 1157 1161
6 536 537 540 1055 1105 1106
6 1054 1055 1104 1106 1107 1110
6 540 541 576 1104 1105 1107
7 576 1105 1106 1109 1110 1113 1114
5 1093 1095 1109 1110 1111
7 1093 1097 1107 1108 1110 1114 1115
7 1053 1054 1105 1107 1108 1109 1111
4 1053 1095 1108 1110
6 577 584 1113 1114 1115 1117
5 576 577 1107 1112 1114
5 1107 1109 1112 1113 1115
7 1097 1109 1112 1114 1117 1118 1119
6 587 638 1117 1118 1139 1144
6 584 587 1112 1115 1116 1118
5 1115 1116 1117 1119 1144
6 1097 1098 1115 1118 1144 1146
6 1121 1122 1123 1126 1141 1151
8 1067 1072 1075 1120 1126 1127 1141 1143
6 1120 1123 1124 1126 1132 1135
5 1120 1122 1132 1150 1151
6 1122 1125 1126 1135 1192 1249
6 1086 1124 1126 1127 1249 1250
6 1120 1121 1122 1124 1125 1127
6 1072 1073 1086 1121 1125 1126
7 1129 1130 1131 1132 1133 1149 1150
7 1128 1131 1133 1134 1184 1185 1195
6 1100 1101 1128 1131 1147 1149
7 1100 1128 1129 1130 1160 1185 1187
7 1122 1123 1128 1133 1134 1135 1150
4 1128 1129 1132 1134
6 1129 1132 1133 1135 1193 1195
6 1122 1124 1132 1134 1192 1193
4 1137 1138 1140 1142
7 630 637 638 1136 1138 1139 1142
7 1136 1137 1139 1140 1144 1145 1148
5 638 1116 1137 1138 1144
7 1136 1138 1141 1142 1143 1148 1151
5 1120 1121 1140 1143 1151
7 630 1064 1065 1136 1137 1140 1143
6 1064 1067 1121 1140 1141 1142
7 1116 1118 1119 1138 1139 1145 1146
5 1138 1144 1146 1148 1149
6 1098 1119 1144 1145 1147 1149
6 1098 1099 1101 1130 1146 1149
6 1138 1140 1145 1149 1150 1151
7 1128 1130 1145 1146 1147 1148 1150
6 1123 1128 1132 1148 1149 1151
6 1120 1123 1140 1141 1148 1150
9 1153 1154 1155 1159 1164 1166 1167 1173 1181
3 1152 1154 1173
7 1152 1153 1155 1172 1173 1220 1224
6 1152 1154 1158 1159 1224 1229
7 1089 1090 1157 1158 1159 1162 1166
5 1090 1103 1156 1161 1162
6 1089 1155 1156 1159 1228 1229
5 1152 1155 1156 1158 1166
5 1100 1131 1161 1163 1187
6 1100 1103 1157 1160 1162 1163
6 1156 1157 1161 1163 1166 1167
7 1160 1161 1162 1165 1167 1186 1187
5 1152 1165 1167 1180 1181
6 1163 1164 1167 1180 1186 1189
5 1152 1156 1159 1162 1167
6 1152 1162 1163 1164 1165 1166
7 1169 1171 1221 1223 1397 1398 1399
5 1168 1171 1172 1175 1221
6 1171 1174 1176 1178 1318 1396
7 1168 1169 1170 1174 1175 1396 1397
6 1154 1169 1173 1175 1220 1221
8 1152 1153 1154 1172 1174 1175 1181 1182
6 1170 1171 1173 1175 1176 1182
5 1169 1171 1172 1173 1174
6 1170 1174 1177 1178 1182 1183
6 1176 1178 1179 1183 1200 1204
6 1170 1176 1177 1179 1317 1318
6 1177 1178 1204 1205 1317 1332
6 1164 1165 1181 1183 1189 1202
6 1152 1164 1173 1180 1182 1183
5 1173 1174 1176 1181 1183
7 1176 1177 1180 1181 1182 1200 1202
7 1129 1185 1186 1188 1190 1194 1195
5 1129 1131 1184 1186 1187
7 1163 1165 1184 1185 1187 1188 1189
5 1131 1160 1163 1185 1186
7 1184 1186 1189 1190 1191 1202 1203
5 1165 1180 1186 1188 1202
5 1184 1188 1191 1194 1196
5 1188 1190 1196 1203 1209
7 1124 1135 1193 1198 1248 1249 1254
7 1134 1135 1192 1194 1195 1197 1198
6 1184 1190 1193 1195 1196 1197
5 1129 1134 1184 1193 1194
7 1190 1191 1194 1197 1199 1209 1210
5 1193 1194 1196 1198 1199
5 1192 1193 1197 1199 1254
7 1196 1197 1198 1210 1254 1270 1271
6 1177 1183 1201 1202 1204 1207
5 1200 1202 1203 1207 1212
7 1180 1183 1188 1189 1200 1201 1203
6 1188 1191 1201 1202 1209 1212
5 1177 1179 1200 1205 1207
7 1179 1204 1206 1207 1303 1332 1334
5 1205 1207 1213 1301 1303
7 1200 1201 1204 1205 1206 1212 1213
6 1209 1210 1211 1212 1213 1215
6 1191 1196 1203 1208 1210 1212
7 1196 1199 1208 1209 1211 1264 1271
4 1208 1210 1215 1264
6 1201 1203 1207 1208 1209 1213
8 1206 1207 1208 1212 1214 1215 1300 1301
4 1213 1215 1300 1306
7 1208 1211 1213 1214 1264 1265 1306
6 1217 1218 1219 1222 1237 1239
6 1216 1222 1223 1239 1346 1400
7 1216 1219 1226 1227 1236 1237 1246
6 1216 1218 1220 1222 1225 1227
7 1154 1172 1219 1221 1222 1224 1225
6 1168 1169 1172 1220 1222 1223
6 1216 1217 1219 1220 1221 1223
6 1168 1217 1221 1222 1398 1400
6 1154 1155 1220 1225 1227 1229
4 1219 1220 1224 1227
6 1218 1227 1230 1231 1244 1246
7 1218 1219 1224 1225 1226 1229 1231
5 1029 1089 1158 1229 1231
6 1155 1158 1224 1227 1228 1231
6 1028 1031 1038 1226 1231 1244
7 1028 1029 1226 1227 1228 1229 1230
5 1233 1238 1273 1350 1357
6 1232 1234 1235 1238 1273 1274
6 1233 1235 1240 1262 1263 1274
6 1233 1234 1236 1238 1240 1241
7 1218 1235 1237 1238 1241 1246 1247
5 1216 1218 1236 1238 1239
8 1232 1233 1235 1236 1237 1239 1347 1350
6 1216 1217 1237 1238 1346 1347
5 1234 1235 1241 1242 1263
7 1235 1236 1240 1242 1243 1245 1247
6 1240 1241 1243 1258 1259 1263
7 1036 1037 1039 1241 1242 1245 1258
7 1038 1039 1226 1230 1245 1246 1247
5 1039 1241 1243 1244 1247
5 1218 1226 1236 1244 1247
5 1236 1241 1244 1245 1246
5 1192 1249 1251 1254 1255
6 1124 1125 1192 1248 1250 1251
6 1086 1087 1125 1249 1251 1257
7 1248 1249 1250 1252 1255 1256 1257
5 1251 1253 1255 1256 1260
5 1252 1255 1260 1261 1269
6 1192 1198 1199 1248 1255 1270
7 1248 1251 1252 1253 1254 1269 1270
5 1251 1252 1257 1259 1260
7 1080 1087 1250 1251 1256 1258 1259
7 1037 1080 1081 1242 1243 1257 1259
6 1242 1256 1257 1258 1260 1263
7 1252 1253 1256 1259 1261 1262 1263
6 1253 1260 1262 1269 1275 1276
6 1234 1260 1261 1263 1274 1275
6 1234 1240 1242 1259 1260 1262
5 1210 1211 1215 1265 1271
8 1215 1264 1266 1267 1268 1271 1306 1307
5 1265 1267 1268 1277 1278
5 1265 1266 1278 1307 1309
7 1265 1266 1269 1270 1271 1276 1277
6 1253 1255 1261 1268 1270 1276
6 1199 1254 1255 1268 1269 1271
6 1199 1210 1264 1265 1268 1270
5 1273 1275 1279 1357 1359
6 1232 1233 1272 1274 1275 1357
5 1233 1234 1262 1273 1275
8 1261 1262 1272 1273 1274 1276 1277 1279
5 1261 1268 1269 1275 1277
6 1266 1268 1275 1276 1278 1279
5 1266 1267 1277 1279 1309
6 1272 1275 1277 1278 1309 1359
6 1281 1283 1368 1369 1420 1422
6 1280 1282 1283 1285 1363 1368
6 1281 1283 1284 1285 1294 1295
6 1280 1281 1282 1295 1422 1423
6 1282 1285 1286 1287 1293 1294
7 1281 1282 1284 1286 1353 1362 1363
6 1284 1285 1287 1310 1352 1353
5 1284 1286 1293 1310 1311
4 1289 1291 1295 1411
6 1288 1290 1291 1292 1294 1295
6 1289 1291 1292 1298 1340 1343
7 1288 1289 1290 1342 1343 1411 1440
7 1289 1290 1293 1294 1297 1298 1304
6 1284 1287 1292 1294 1304 1311
6 1282 1284 1289 1292 1293 1295
8 1282 1283 1288 1289 1294 1410 1411 1423
7 1297 1299 1300 1301 1304 1305 1306
5 1292 1296 1298 1299 1304
5 1290 1292 1297 1299 1340
6 1296 1297 1298 1301 1302 1340
5 1213 1214 1296 1301 1306
7 1206 1213 1296 1299 1300 1302 1303
6 1299 1301 1303 1334 1335 1340
5 1205 1206 1301 1302 1334
6 1292 1293 1296 1297 1305 1311
5 1296 1304 1306 1307 1311
7 1214 1215 1265 1296 1300 1305 1307
6 1265 1267 1305 1306 1309 1311
5 1309 1310 1352 1358 1359
8 1267 1278 1279 1307 1308 1310 1311 1359
6 1286 1287 1308 1309 1311 1352
7 1287 1293 1304 1305 1307 1309 1310
6 1313 1314 1315 1316 1319 1326
6 1312 1316 1324 1326 1328 1329
7 1312 1315 1319 1382 1383 1394 1395
4 1312 1314 1326 1382
6 1312 1313 1317 1319 1329 1333
7 1178 1179 1316 1318 1319 1332 1333
5 1170 1178 1317 1319 1396
7 1312 1314 1316 1317 1318 1395 1396
5 1321 1323 1327 1377 1491
6 1320 1322 1323 1449 1488 1491
6 1321 1323 1336 1444 1448 1449
7 1320 1321 1322 1325 1327 1336 1337
5 1313 1325 1326 1327 1328
5 1323 1324 1327 1328 1337
7 1312 1313 1315 1324 1327 1379 1382
7 1320 1323 1324 1325 1326 1377 1379
6 1313 1324 1325 1329 1330 1337
6 1313 1316 1328 1330 1331 1333
6 1328 1329 1331 1337 1339 1341
6 1329 1330 1333 1334 1335 1341
5 1179 1205 1317 1333 1334
6 1316 1317 1329 1331 1332 1334
7 1205 1302 1303 1331 1332 1333 1335
5 1302 1331 1334 1340 1341
7 1322 1323 1337 1338 1339 1444 1447
6 1323 1325 1328 1330 1336 1339
8 1336 1339 1341 1342 1343 1441 1446 1447
5 1330 1336 1337 1338 1341
7 1290 1298 1299 1302 1335 1341 1343
7 1330 1331 1335 1338 1339 1340 1343
5 1291 1338 1343 1440 1441
6 1290 1291 1338 1340 1341 1342
6 1345 1346 1347 1349 1351 1401
6 1344 1349 1367 1401 1403 1406
6 1217 1239 1344 1347 1400 1401
6 1238 1239 1344 1346 1350 1351
4 1349 1351 1356 1357
8 1344 1345 1348 1351 1354 1356 1366 1367
5 1232 1238 1347 1351 1357
6 1344 1347 1348 1349 1350 1357
6 1286 1308 1310 1353 1355 1358
5 1285 1286 1352 1355 1362
5 1349 1355 1356 1360 1366
7 1352 1353 1354 1356 1358 1360 1362
6 1348 1349 1354 1355 1357 1358
9 1232 1272 1273 1348 1350 1351 1356 1358 1359
6 1308 1352 1355 1356 1357 1359
6 1272 1279 1308 1309 1357 1358
6 1354 1355 1361 1362 1363 1366
7 1360 1363 1364 1365 1366 1370 1373
5 1285 1353 1355 1360 1363
7 1281 1285 1360 1361 1362 1368 1370
6 1361 1365 1373 1374 1384 1385
6 1361 1364 1366 1367 1385 1407
6 1349 1354 1360 1361 1365 1367
6 1345 1349 1365 1366 1406 1407
6 1280 1281 1363 1369 1370 1371
5 1280 1368 1371 1420 1533
6 1361 1363 1368 1371 1372 1373
7 1368 1369 1370 1372 1528 1532 1533
6 1370 1371 1373 1375 1528 1529
6 1361 1364 1370 1372 1374 1375
5 1364 1373 1375 1384 1389
7 1372 1373 1374 1389 1482 1483 1529
6 1377 1378 1390 1391 1492 1494
7 1320 1327 1376 1378 1379 1491 1494
6 1376 1377 1379 1380 1387 1391
6 1326 1327 1377 1378 1380 1382
5 1378 1379 1381 1382 1387
7 1380 1382 1383 1386 1387 1392 1405
7 1314 1315 1326 1379 1380 1381 1383
5 1314 1381 1382 1392 1394
6 1364 1374 1385 1387 1388 1389
7 1364 1365 1384 1386 1387 1404 1407
5 1381 1385 1387 1404 1405
8 1378 1380 1381 1384 1385 1386 1388 1391
5 1384 1387 1389 1390 1391
8 1374 1375 1384 1388 1390 1480 1481 1483
6 1376 1388 1389 1391 1481 1492
5 1376 1378 1387 1388 1390
6 1381 1383 1393 1394 1403 1405
6 1392 1394 1395 1399 1402 1403
5 1314 1383 1392 1393 1395
7 1314 1319 1393 1394 1396 1397 1399
6 1170 1171 1318 1319 1395 1397
5 1168 1171 1395 1396 1399
5 1168 1223 1399 1400 1402
6 1168 1393 1395 1397 1398 1402
6 1217 1223 1346 1398 1401 1402
6 1344 1345 1346 1400 1402 1403
6 1393 1398 1399 1400 1401 1403
7 1345 1392 1393 1401 1402 1405 1406
5 1385 1386 1405 1406 1407
6 1381 1386 1392 1403 1404 1406
6 1345 1367 1403 1404 1405 1407
5 1365 1367 1385 1404 1406
5 1409 1410 1411 1440 1443
6 1408 1410 1414 1415 1418 1443
6 1295 1408 1409 1411 1418 1423
6 1288 1291 1295 1408 1410 1440
7 1413 1414 1417 1418 1419 1430 1431
6 1412 1414 1415 1424 1426 1431
5 1409 1412 1413 1415 1418
6 1409 1413 1414 1424 1443 1467
6 1417 1419 1421 1524 1525 1535
5 1412 1416 1419 1430 1524
6 1409 1410 1412 1414 1419 1423
7 1412 1416 1417 1418 1421 1422 1423
5 1280 1369 1421 1422 1533
6 1416 1419 1420 1422 1533 1535
6 1280 1283 1419 1420 1421 1423
6 1283 1295 1410 1418 1419 1422
6 1413 1415 1425 1426 1464 1467
6 1424 1426 1427 1434 1459 1464
5 1413 1424 1425 1427 1431
8 1425 1426 1428 1429 1431 1434 1436 1437
5 1427 1429 1436 1505 1507
6 1427 1428 1430 1431 1505 1524
5 1412 1417 1429 1431 1524
6 1412 1413 1426 1427 1429 1430
6 1433 1435 1437 1438 1439 1457
7 1432 1438 1457 1624 1625 1629 1663
6 1425 1427 1435 1437 1458 1459
5 1432 1434 1437 1457 1458
6 1427 1428 1437 1439 1507 1510
6 1427 1432 1434 1435 1436 1439
7 1432 1433 1439 1510 1511 1628 1629
5 1432 1436 1437 1438 1510
6 1291 1342 1408 1411 1441 1443
6 1338 1342 1440 1442 1443 1446
6 1441 1443 1445 1446 1466 1468
8 1408 1409 1415 1440 1441 1442 1466 1467
6 1322 1336 1445 1447 1448 1450
6 1442 1444 1446 1447 1450 1468
5 1338 1441 1442 1445 1447
5 1336 1338 1444 1445 1446
5 1322 1444 1449 1450 1451
6 1321 1322 1448 1451 1455 1488
7 1444 1445 1448 1451 1468 1469 1470
6 1448 1449 1450 1452 1455 1470
6 1451 1453 1454 1455 1461 1470
8 1452 1454 1461 1500 1537 1538 1539 1542
6 1452 1453 1455 1488 1489 1500
5 1449 1451 1452 1454 1488
6 1457 1458 1463 1551 1660 1662
7 1432 1433 1435 1456 1458 1662 1663
6 1434 1435 1456 1457 1459 1463
6 1425 1434 1458 1462 1463 1464
7 1461 1462 1463 1471 1539 1550 1551
6 1452 1453 1460 1470 1471 1539
7 1459 1460 1463 1464 1465 1469 1471
6 1456 1458 1459 1460 1462 1551
6 1424 1425 1459 1462 1465 1467
6 1462 1464 1466 1467 1468 1469
5 1442 1443 1465 1467 1468
6 1415 1424 1443 1464 1465 1466
6 1442 1445 1450 1465 1466 1469
6 1450 1462 1465 1468 1470 1471
6 1450 1451 1452 1461 1469 1471
5 1460 1461 1462 1469 1470
7 1473 1474 1475 1477 1514 1515 1520
5 1472 1477 1484 1520 1523
6 1472 1475 1515 1519 1588 1590
6 1472 1474 1477 1478 1479 1590
5 1477 1479 1486 1487 1498
7 1472 1473 1475 1476 1479 1484 1486
5 1475 1479 1497 1560 1590
7 1475 1476 1477 1478 1496 1497 1498
6 1389 1481 1482 1483 1485 1486
7 1389 1390 1480 1486 1487 1492 1493
5 1375 1480 1483 1485 1529
4 1375 1389 1480 1482
6 1473 1477 1485 1486 1523 1531
6 1480 1482 1484 1486 1529 1531
7 1476 1477 1480 1481 1484 1485 1487
6 1476 1481 1486 1493 1498 1499
6 1321 1449 1454 1455 1489 1491
6 1454 1488 1490 1491 1500 1502
5 1489 1491 1494 1495 1502
7 1320 1321 1377 1488 1489 1490 1494
6 1376 1390 1481 1493 1494 1495
5 1481 1487 1492 1495 1499
6 1376 1377 1490 1491 1492 1495
6 1490 1492 1493 1494 1499 1502
6 1479 1497 1498 1499 1502 1503
7 1478 1479 1496 1503 1540 1560 1566
5 1476 1479 1487 1496 1499
6 1487 1493 1495 1496 1498 1502
6 1453 1454 1489 1501 1502 1542
6 1500 1502 1503 1540 1542 1543
8 1489 1490 1495 1496 1499 1500 1501 1503
5 1496 1497 1501 1502 1540
7 1505 1506 1507 1512 1513 1521 1527
6 1428 1429 1504 1507 1524 1527
6 1504 1507 1509 1510 1512 1517
6 1428 1436 1504 1505 1506 1510
7 1509 1511 1516 1603 1604 1605 1606
6 1506 1508 1510 1511 1516 1517
7 1436 1438 1439 1506 1507 1509 1511
6 1438 1508 1509 1510 1603 1628
5 1504 1506 1513 1517 1518
7 1504 1512 1514 1515 1518 1520 1521
4 1472 1513 1515 1520
6 1472 1474 1513 1514 1518 1519
7 1508 1509 1517 1519 1592 1595 1605
6 1506 1509 1512 1516 1518 1519
5 1512 1513 1515 1517 1519
7 1474 1515 1516 1517 1518 1588 1592
7 1472 1473 1513 1514 1521 1522 1523
6 1504 1513 1520 1522 1526 1527
7 1520 1521 1523 1526 1530 1531 1534
5 1473 1484 1520 1522 1531
7 1416 1417 1429 1430 1505 1525 1527
6 1416 1524 1526 1527 1534 1535
5 1521 1522 1525 1527 1534
6 1504 1505 1521 1524 1525 1526
7 1371 1372 1529 1530 1531 1532 1534
6 1372 1375 1482 1485 1528 1531
4 1522 1528 1531 1534
7 1484 1485 1522 1523 1528 1529 1530
5 1371 1528 1533 1534 1535
6 1369 1371 1420 1421 1532 1535
7 1522 1525 1526 1528 1530 1532 1535
6 1416 1421 1525 1532 1533 1534
7 1537 1538 1541 1543 1544 1545 1548
5 1453 1536 1538 1542 1543
5 1453 1536 1537 1539 1548
6 1453 1460 1461 1538 1548 1550
8 1497 1501 1503 1541 1543 1564 1566 1567
5 1536 1540 1543 1545 1564
5 1453 1500 1501 1537 1543
6 1501 1536 1537 1540 1541 1542
6 1536 1545 1546 1547 1548 1549
6 1536 1541 1544 1546 1555 1564
7 1544 1545 1547 1554 1555 1653 1655
5 1544 1546 1549 1649 1655
7 1536 1538 1539 1544 1549 1550 1551
6 1544 1547 1548 1551 1649 1660
4 1460 1539 1548 1551
7 1456 1460 1463 1548 1549 1550 1660
5 1553 1557 1572 1573 1646
6 1552 1554 1557 1559 1646 1652
6 1546 1553 1555 1559 1652 1653
6 1545 1546 1554 1558 1559 1564
6 1557 1558 1563 1575 1577 1587
8 1552 1553 1556 1558 1559 1573 1574 1575
7 1555 1556 1557 1559 1563 1564 1565
5 1553 1554 1555 1557 1558
6 1478 1497 1561 1566 1567 1590
6 1560 1562 1567 1586 1590 1591
5 1561 1563 1565 1567 1586
6 1556 1558 1562 1565 1586 1587
7 1540 1541 1545 1555 1558 1565 1567
5 1558 1562 1563 1564 1567
4 1497 1540 1560 1567
7 1540 1560 1561 1562 1564 1565 1566
6 1569 1570 1573 1574 1578 1583
5 1568 1570 1583 1712 1779
6 1568 1569 1571 1573 1776 1779
6 1570 1572 1573 1645 1776 1786
6 1552 1571 1573 1645 1646 1647
8 1552 1557 1568 1570 1571 1572 1574 1575
5 1557 1568 1573 1575 1578
7 1556 1557 1573 1574 1576 1577 1578
5 1575 1577 1578 1579 1584
5 1556 1575 1576 1584 1587
7 1568 1574 1575 1576 1579 1582 1583
7 1576 1578 1580 1581 1582 1584 1598
4 1579 1581 1582 1721
6 1579 1580 1597 1598 1721 1722
6 1578 1579 1580 1583 1713 1721
6 1568 1569 1578 1582 1712 1713
7 1576 1577 1579 1585 1587 1598 1599
6 1584 1586 1587 1589 1593 1599
7 1561 1562 1563 1585 1587 1589 1591
6 1556 1563 1577 1584 1585 1586
6 1474 1519 1589 1590 1591 1592
6 1585 1586 1588 1591 1592 1593
7 1474 1475 1478 1560 1561 1588 1591
5 1561 1586 1588 1589 1590
6 1516 1519 1588 1589 1593 1595
6 1585 1589 1592 1594 1595 1599
6 1593 1595 1596 1599 1605 1610
5 1516 1592 1593 1594 1605
6 1594 1597 1598 1599 1608 1610
6 1581 1596 1598 1608 1669 1722
6 1579 1581 1584 1596 1597 1599
6 1584 1585 1593 1594 1596 1598
6 1601 1602 1606 1607 1630 1631
7 1600 1607 1612 1614 1615 1619 1630
5 1600 1603 1606 1628 1631
5 1508 1511 1602 1606 1628
4 1508 1605 1606 1607
8 1508 1516 1594 1595 1604 1607 1610 1611
6 1508 1600 1602 1603 1604 1607
7 1600 1601 1604 1605 1606 1611 1612
5 1596 1597 1609 1610 1669
6 1608 1610 1611 1613 1668 1669
6 1594 1596 1605 1608 1609 1611
6 1605 1607 1609 1610 1612 1613
5 1601 1607 1611 1613 1615
6 1609 1611 1612 1615 1668 1672
6 1601 1615 1616 1619 1675 1677
6 1601 1612 1613 1614 1672 1675
6 1614 1617 1618 1619 1676 1677
7 1616 1618 1620 1621 1622 1676 1746
5 1616 1617 1619 1622 1630
5 1601 1614 1616 1618 1630
5 1617 1621 1632 1633 1746
6 1617 1620 1622 1623 1633 1636
7 1617 1618 1621 1623 1626 1627 1630
6 1621 1622 1626 1636 1656 1658
6 1433 1625 1626 1627 1658 1663
4 1433 1624 1627 1629
5 1622 1623 1624 1627 1658
7 1622 1624 1625 1626 1629 1630 1631
6 1438 1511 1602 1603 1629 1631
6 1433 1438 1625 1627 1628 1631
7 1600 1601 1618 1619 1622 1627 1631
6 1600 1602 1627 1628 1629 1630
7 1620 1633 1634 1728 1744 1745 1746
5 1620 1621 1632 1634 1636
7 1632 1633 1635 1636 1637 1639 1728
6 1634 1639 1640 1728 1732 1733
6 1621 1623 1633 1634 1637 1656
6 1634 1636 1638 1639 1650 1656
5 1637 1639 1643 1650 1654
6 1634 1635 1637 1638 1640 1643
6 1635 1639 1641 1642 1643 1732
7 1640 1642 1644 1647 1732 1788 1789
6 1640 1641 1643 1646 1647 1652
6 1638 1639 1640 1642 1652 1654
5 1641 1645 1647 1786 1788
5 1571 1572 1644 1647 1786
6 1552 1553 1572 1642 1647 1652
6 1572 1641 1642 1644 1645 1646
6 1649 1650 1651 1657 1660 1661
6 1547 1549 1648 1651 1655 1660
7 1637 1638 1648 1651 1654 1656 1657
5 1648 1649 1650 1654 1655
7 1553 1554 1642 1643 1646 1653 1654
5 1546 1554 1652 1654 1655
7 1638 1643 1650 1651 1652 1653 1655
6 1546 1547 1649 1651 1653 1654
6 1623 1636 1637 1650 1657 1658
6 1648 1650 1656 1658 1659 1661
7 1623 1624 1626 1656 1657 1659 1663
5 1657 1658 1661 1662 1663
7 1456 1549 1551 1648 1649 1661 1662
5 1648 1657 1659 1660 1662
6 1456 1457 1659 1660 1661 1663
6 1433 1457 1624 1658 1659 1662
6 1665 1666 1668 1671 1672 1673
6 1664 1666 1667 1673 1691 1695
7 1664 1665 1667 1670 1671 1723 1724
6 1665 1666 1694 1695 1703 1724
6 1609 1613 1664 1669 1671 1672
7 1597 1608 1609 1668 1670 1671 1722
5 1666 1669 1671 1722 1723
5 1664 1666 1668 1669 1670
7 1613 1615 1664 1668 1673 1674 1675
6 1664 1665 1672 1674 1690 1691
6 1672 1673 1675 1677 1678 1690
5 1614 1615 1672 1674 1677
6 1616 1617 1677 1678 1746 1747
6 1614 1616 1674 1675 1676 1678
7 1674 1676 1677 1679 1690 1747 1750
4 1678 1688 1690 1750
6 1681 1682 1686 1805 1912 1913
7 1680 1682 1683 1684 1686 1687 1693
7 1680 1681 1683 1694 1699 1702 1912
6 1681 1682 1692 1693 1694 1695
5 1681 1685 1687 1689 1693
5 1684 1687 1689 1752 1756
5 1680 1681 1687 1804 1805
8 1681 1684 1685 1686 1756 1757 1793 1804
8 1679 1689 1690 1691 1692 1693 1750 1751
7 1684 1685 1688 1693 1751 1752 1753
6 1673 1674 1678 1679 1688 1691
6 1665 1673 1688 1690 1692 1695
5 1683 1688 1691 1693 1695
6 1681 1683 1684 1688 1689 1692
6 1667 1682 1683 1695 1702 1703
6 1665 1667 1683 1691 1692 1694
7 1697 1701 1710 1711 1908 1909 1911
4 1696 1698 1701 1908
6 1697 1699 1701 1702 1908 1912
4 1682 1698 1702 1912
6 1701 1702 1703 1708 1725 1727
8 1696 1697 1698 1700 1702 1708 1709 1711
7 1682 1694 1698 1699 1700 1701 1703
6 1667 1694 1700 1702 1724 1725
5 1705 1706 1760 1761 1872
7 1704 1706 1707 1710 1711 1872 1875
6 1704 1705 1707 1716 1761 1780
7 1705 1706 1708 1709 1711 1716 1718
6 1700 1701 1707 1709 1718 1727
4 1701 1707 1708 1711
5 1696 1705 1711 1875 1911
6 1696 1701 1705 1707 1709 1710
6 1569 1583 1713 1715 1717 1779
6 1582 1583 1712 1714 1715 1721
6 1713 1715 1719 1720 1721 1726
5 1712 1713 1714 1717 1719
6 1706 1707 1717 1718 1780 1781
8 1712 1715 1716 1718 1719 1778 1779 1781
6 1707 1708 1716 1717 1719 1727
6 1714 1715 1717 1718 1726 1727
4 1714 1721 1723 1726
8 1580 1581 1582 1713 1714 1720 1722 1723
6 1581 1597 1669 1670 1721 1723
7 1666 1670 1720 1721 1722 1724 1726
6 1666 1667 1703 1723 1725 1726
5 1700 1703 1724 1726 1727
7 1714 1719 1720 1723 1724 1725 1727
6 1700 1708 1718 1719 1725 1726
6 1632 1634 1635 1729 1733 1744
6 1728 1730 1731 1733 1734 1744
6 1729 1731 1738 1744 1748 1755
6 1729 1730 1734 1738 1742 1743
6 1635 1640 1641 1733 1735 1789
6 1635 1728 1729 1732 1734 1735
8 1729 1731 1733 1735 1743 1789 1790 1791
4 1732 1733 1734 1789
7 1737 1738 1739 1754 1755 1758 1759
7 1736 1739 1740 1741 1759 1850 1852
6 1730 1731 1736 1739 1742 1755
5 1736 1737 1738 1740 1742
5 1737 1739 1741 1742 1770
5 1737 1740 1770 1771 1850
8 1731 1738 1739 1740 1743 1770 1774 1775
5 1731 1734 1742 1774 1790
7 1632 1728 1729 1730 1745 1748 1749
5 1632 1744 1746 1747 1749
6 1617 1620 1632 1676 1745 1747
6 1676 1678 1745 1746 1749 1750
5 1730 1744 1749 1751 1755
6 1744 1745 1747 1748 1750 1751
6 1678 1679 1688 1747 1749 1751
7 1688 1689 1748 1749 1750 1753 1755
6 1685 1689 1753 1754 1756 1758
5 1689 1751 1752 1754 1755
5 1736 1752 1753 1755 1758
7 1730 1736 1738 1748 1751 1753 1754
6 1685 1687 1752 1757 1758 1759
6 1687 1756 1759 1792 1793 1794
5 1736 1752 1754 1756 1759
8 1736 1737 1756 1757 1758 1794 1852 1853
7 1704 1761 1763 1766 1782 1872 1873
5 1704 1706 1760 1780 1782
5 1763 1764 1765 1766 1883
5 1760 1762 1766 1873 1883
7 1762 1765 1766 1767 1768 1769 1773
5 1762 1764 1769 1883 1886
6 1760 1762 1763 1764 1767 1782
6 1764 1766 1772 1773 1782 1784
6 1764 1769 1770 1771 1773 1843
6 1764 1765 1768 1841 1843 1886
7 1740 1741 1742 1768 1771 1773 1775
6 1741 1768 1770 1843 1848 1850
7 1767 1773 1774 1775 1784 1785 1790
6 1764 1767 1768 1770 1772 1775
5 1742 1743 1772 1775 1790
5 1742 1770 1772 1773 1774
7 1570 1571 1777 1778 1779 1786 1787
5 1776 1778 1783 1784 1787
6 1717 1776 1777 1779 1781 1783
6 1569 1570 1712 1717 1776 1778
6 1706 1716 1761 1781 1782 1783
5 1716 1717 1778 1780 1783
7 1760 1761 1766 1767 1780 1783 1784
6 1777 1778 1780 1781 1782 1784
7 1767 1772 1777 1782 1783 1785 1787
6 1772 1784 1787 1788 1790 1791
6 1571 1644 1645 1776 1787 1788
6 1776 1777 1784 1785 1786 1788
7 1641 1644 1785 1786 1787 1789 1791
6 1641 1732 1734 1735 1788 1791
6 1734 1743 1772 1774 1785 1791
5 1734 1785 1788 1789 1790
6 1757 1793 1794 1795 1797 1799
5 1687 1757 1792 1799 1804
6 1757 1759 1792 1795 1853 1855
5 1792 1794 1797 1822 1855
6 1797 1798 1799 1814 1820 1821
6 1792 1795 1796 1799 1821 1822
5 1796 1799 1801 1807 1814
7 1792 1793 1796 1797 1798 1804 1807
5 1801 1802 1803 1807 1811
5 1798 1800 1807 1811 1814
6 1800 1803 1806 1807 1918 1919
6 1800 1802 1810 1811 1890 1919
6 1686 1687 1793 1799 1805 1807
7 1680 1686 1804 1806 1807 1913 1915
5 1802 1805 1807 1915 1918
8 1798 1799 1800 1801 1802 1804 1805 1806
6 1809 1810 1811 1888 1892 1985
7 1808 1811 1812 1815 1985 2001 2003
5 1803 1808 1811 1888 1890
8 1800 1801 1803 1808 1809 1810 1814 1815
8 1809 1813 1815 1816 1817 2002 2003 2006
5 1812 1814 1815 1817 1820
7 1796 1798 1801 1811 1813 1815 1820
5 1809 1811 1812 1813 1814
7 1812 1817 1818 1819 2006 2036 2037
6 1812 1813 1816 1818 1820 1821
7 1816 1817 1819 1821 1823 1824 1827
5 1816 1818 1824 1825 2037
5 1796 1813 1814 1817 1821
7 1796 1797 1817 1818 1820 1822 1823
7 1795 1797 1821 1823 1846 1854 1855
5 1818 1821 1822 1827 1846
6 1818 1819 1825 1826 1827 1829
6 1819 1824 1829 1831 2033 2037
6 1824 1827 1828 1829 1844 1847
6 1818 1823 1824 1826 1846 1847
5 1826 1829 1832 1833 1844
8 1824 1825 1826 1828 1830 1831 1832 1837
5 1829 1831 1837 1838 1950
6 1825 1829 1830 1950 2032 2033
5 1828 1829 1833 1834 1837
6 1828 1832 1834 1835 1840 1844
8 1832 1833 1835 1836 1837 1859 1884 1885
7 1833 1834 1840 1841 1885 1886 1887
5 1834 1837 1839 1859 1863
7 1829 1830 1832 1834 1836 1838 1839
6 1830 1837 1839 1949 1950 1983
6 1836 1837 1838 1862 1863 1983
6 1833 1835 1841 1842 1843 1844
5 1769 1835 1840 1843 1886
6 1840 1843 1844 1845 1848 1849
7 1768 1769 1771 1840 1841 1842 1848
7 1826 1828 1833 1840 1842 1845 1847
6 1842 1844 1846 1847 1849 1854
6 1822 1823 1827 1845 1847 1854
5 1826 1827 1844 1845 1846
6 1771 1842 1843 1849 1850 1851
6 1842 1845 1848 1851 1854 1855
6 1737 1741 1771 1848 1851 1852
5 1848 1849 1850 1852 1855
6 1737 1759 1850 1851 1853 1855
4 1759 1794 1852 1855
5 1822 1845 1846 1849 1855
8 1794 1795 1822 1849 1851 1852 1853 1854
6 1857 1858 1860 1863 1867 1869
8 1856 1858 1859 1868 1869 1880 1881 1884
4 1856 1857 1859 1863
6 1834 1836 1857 1858 1863 1884
6 1856 1861 1862 1863 1864 1867
6 1860 1862 1864 1956 1957 1980
7 1839 1860 1861 1863 1980 1981 1983
7 1836 1839 1856 1858 1859 1860 1862
6 1860 1861 1865 1866 1867 1956
7 1864 1866 1902 1903 1956 1958 1959
6 1864 1865 1867 1870 1897 1903
6 1856 1860 1864 1866 1869 1870
7 1857 1869 1871 1877 1878 1879 1880
6 1856 1857 1867 1868 1870 1871
6 1866 1867 1869 1871 1896 1897
7 1868 1869 1870 1876 1877 1896 1907
6 1704 1705 1760 1873 1874 1875
7 1760 1763 1872 1874 1879 1882 1883
6 1872 1873 1875 1877 1878 1879
8 1705 1710 1872 1874 1876 1877 1910 1911
6 1871 1875 1877 1905 1907 1910
6 1868 1871 1874 1875 1876 1878
4 1868 1874 1877 1879
6 1868 1873 1874 1878 1880 1882
5 1857 1868 1879 1881 1882
6 1857 1880 1882 1884 1885 1887
6 1873 1879 1880 1881 1883 1887
7 1762 1763 1765 1873 1882 1886 1887
5 1834 1857 1859 1881 1885
5 1834 1835 1881 1884 1887
6 1765 1769 1835 1841 1883 1887
6 1835 1881 1882 1883 1885 1886
7 1808 1810 1889 1890 1891 1892 1893
6 1888 1891 1893 1894 1899 1901
6 1803 1810 1888 1891 1917 1919
7 1888 1889 1890 1898 1899 1906 1917
6 1808 1888 1893 1984 1985 1991
6 1888 1889 1892 1894 1895 1991
5 1889 1893 1895 1900 1901
6 1893 1894 1900 1965 1989 1991
5 1870 1871 1897 1898 1907
7 1866 1870 1896 1898 1899 1901 1903
6 1891 1896 1897 1899 1906 1907
5 1889 1891 1897 1898 1901
6 1894 1895 1901 1902 1903 1965
6 1889 1894 1897 1899 1900 1903
5 1865 1900 1903 1959 1965
6 1865 1866 1897 1900 1901 1902
5 1905 1906 1909 1914 1916
6 1876 1904 1906 1907 1909 1910
7 1891 1898 1904 1905 1907 1916 1917
6 1871 1876 1896 1898 1905 1906
6 1696 1697 1698 1909 1912 1914
7 1696 1904 1905 1908 1910 1911 1914
5 1875 1876 1905 1909 1911
5 1696 1710 1875 1909 1910
8 1680 1682 1698 1699 1908 1913 1914 1915
4 1680 1805 1912 1915
7 1904 1908 1909 1912 1915 1916 1918
6 1805 1806 1912 1913 1914 1918
6 1904 1906 1914 1917 1918 1919
5 1890 1891 1906 1916 1919
6 1802 1806 1914 1915 1916 1919
6 1802 1803 1890 1916 1917 1918
6 1921 1922 1923 2022 4622 4650
6 1920 1922 1925 2022 2023 2030
5 1920 1921 1923 1924 1925
6 1920 1922 1924 1935 4650 4651
6 1922 1923 1925 1926 1933 1935
6 1921 1922 1924 1926 1927 2030
7 1924 1925 1927 1928 1933 1937 1942
6 1925 1926 1937 1938 2028 2030
4 1926 1929 1933 1942
7 1928 1930 1931 1932 1933 1942 1943
7 1929 1931 1932 1974 5003 5010 5011
4 1929 1930 1943 1974
5 1929 1930 1933 1934 5011
7 1924 1926 1928 1929 1932 1934 1935
8 1932 1933 1935 4648 4649 4651 5011 5012
5 1923 1924 1933 1934 4651
6 1937 1939 1940 1946 2041 2043
7 1926 1927 1936 1938 1939 1940 1942
4 1927 1937 1939 2028
5 1936 1937 1938 2028 2041
6 1936 1937 1941 1942 1945 1946
7 1940 1942 1943 1944 1945 1973 1976
7 1926 1928 1929 1937 1940 1941 1943
6 1929 1931 1941 1942 1973 1974
5 1941 1945 1948 1976 1977
6 1940 1941 1944 1946 1947 1948
6 1936 1940 1945 1947 2035 2043
5 1945 1946 1948 1951 2035
7 1944 1945 1947 1949 1951 1977 1982
6 1838 1948 1950 1951 1982 1983
6 1830 1831 1838 1949 1951 2032
7 1947 1948 1949 1950 2032 2034 2035
5 1953 1955 1957 1979 1980
7 1952 1954 1955 1956 1957 1958 1967
7 1953 1955 1962 1963 1967 1969 1971
6 1952 1953 1954 1970 1971 1979
6 1861 1864 1865 1953 1957 1958
5 1861 1952 1953 1956 1980
5 1865 1953 1956 1959 1967
6 1865 1902 1958 1965 1966 1967
7 1961 1962 1963 1994 1995 4997 5027
5 1960 1963 1964 1966 1994
7 1954 1960 1963 1969 4994 4995 4997
6 1954 1960 1961 1962 1966 1967
5 1961 1965 1966 1989 1994
7 1895 1900 1902 1959 1964 1966 1989
6 1959 1961 1963 1964 1965 1967
6 1953 1954 1958 1959 1963 1966
6 1969 1971 1972 1975 4993 4995
5 1954 1962 1968 1971 4995
6 1955 1971 1972 1976 1978 1979
6 1954 1955 1968 1969 1970 1972
7 1968 1970 1971 1973 1974 1975 1976
5 1941 1943 1972 1974 1976
7 1930 1931 1943 1972 1973 1975 5003
6 1968 1972 1974 4993 5002 5003
7 1941 1944 1970 1972 1973 1977 1978
6 1944 1948 1976 1978 1981 1982
6 1970 1976 1977 1979 1980 1981
5 1952 1955 1970 1978 1980
7 1861 1862 1952 1957 1978 1979 1981
6 1862 1977 1978 1980 1982 1983
5 1948 1949 1977 1981 1983
6 1838 1839 1862 1949 1981 1982
6 1892 1985 1986 1987 1990 1991
6 1808 1809 1892 1984 1986 2001
5 1984 1985 1987 2001 2012
7 1984 1986 1990 1996 1998 2009 2012
6 1989 1990 1991 1992 1994 1998
6 1895 1964 1965 1988 1991 1994
5 1984 1987 1988 1991 1998
7 1892 1893 1895 1984 1988 1989 1990
6 1988 1993 1994 1995 1998 1999
5 1992 1995 1999 5024 5030
7 1960 1961 1964 1988 1989 1992 1995
6 1960 1992 1993 1994 5024 5027
5 1987 1997 1998 1999 2009
7 1996 1999 2008 2009 2010 5030 5037
6 1987 1988 1990 1992 1996 1999
6 1992 1993 1996 1997 1998 5030
6 2001 2003 2005 2007 2012 2013
6 1809 1985 1986 2000 2003 2012
4 1812 2003 2006 2007
6 1809 1812 2000 2001 2002 2007
4 2005 2007 2015 2045
5 2000 2004 2007 2013 2015
6 1812 1816 2002 2007 2036 2044
8 2000 2002 2003 2004 2005 2006 2044 2045
6 1997 2009 2010 2011 2013 2014
6 1987 1996 1997 2008 2012 2013
6 1997 2008 2011 5036 5037 5038
7 2008 2010 2014 2017 2019 2026 5038
6 1986 1987 2000 2001 2009 2013
7 2000 2005 2008 2009 2012 2014 2015
5 2008 2011 2013 2015 2026
7 2004 2005 2013 2014 2026 2027 2045
6 2017 2018 2020 2021 4617 4676
7 2011 2016 2018 2019 4676 4677 5038
7 2016 2017 2019 2020 2025 2026 2031
4 2011 2017 2018 2026
6 2016 2018 2021 2022 2023 2031
6 2016 2020 2022 4617 4623 4676
7 1920 1921 2020 2021 2023 4622 4623
5 1921 2020 2022 2030 2031
5 2025 2027 2029 2040 2047
6 2018 2024 2026 2027 2029 2031
7 2011 2014 2015 2018 2019 2025 2027
6 2015 2024 2025 2026 2045 2047
6 1927 1938 1939 2029 2030 2041
7 2024 2025 2028 2030 2031 2040 2041
7 1921 1925 1927 2023 2028 2029 2031
6 2018 2020 2023 2025 2029 2030
5 1831 1950 1951 2033 2034
6 1825 1831 2032 2034 2037 2038
6 1951 2032 2033 2035 2038 2039
7 1946 1947 1951 2034 2039 2042 2043
5 1816 2006 2037 2038 2044
6 1816 1819 1825 2033 2036 2038
6 2033 2034 2036 2037 2039 2044
6 2034 2035 2038 2042 2044 2046
6 2024 2029 2041 2042 2043 2047
6 1936 1939 2028 2029 2040 2043
6 2035 2039 2040 2043 2046 2047
6 1936 1946 2035 2040 2041 2042
7 2006 2007 2036 2038 2039 2045 2046
7 2004 2007 2015 2027 2044 2046 2047
5 2039 2042 2044 2045 2047
6 2024 2027 2040 2042 2045 2046
